Theoretical Spectrum of Semrock FF409-Di03 Optical Filter
The spectrum described by the following ASCII data represents a typical optical filter design for this product.
However, note that from time to time Semrock makes minor modifications to its optical filter designs for purposes such as improved
manufacturability that do not affect the ability for the filter to meet its stated specifications.
User Specifications:
Starting Wavelength: 200(nm)
Ending Wavelength: 900(nm)
AOI: 45
CHA: 
Polarization: Avg
Plot Type: Transmission
 
Data format:  Wavelength (nm) <tab> Transmission (0 to 1)
200	1e-07
200.2	1e-07
200.4	1e-07
200.6	1e-07
200.8	1e-07
201	1e-07
201.2	1e-07
201.4	1e-07
201.6	1e-07
201.8	1e-07
202	1e-07
202.2	1e-07
202.4	1e-07
202.6	1e-07
202.8	1e-07
203	1e-07
203.2	1e-07
203.4	1e-07
203.6	1e-07
203.8	1e-07
204	1e-07
204.2	1e-07
204.4	1e-07
204.6	1e-07
204.8	1e-07
205	1e-07
205.2	1e-07
205.4	1e-07
205.6	1e-07
205.8	1e-07
206	1e-07
206.2	1e-07
206.4	1e-07
206.6	1e-07
206.8	1e-07
207	1e-07
207.2	1e-07
207.4	1e-07
207.6	1e-07
207.8	1e-07
208	1e-07
208.2	1e-07
208.4	1e-07
208.6	1e-07
208.8	1e-07
209	1e-07
209.2	1e-07
209.4	1e-07
209.6	1e-07
209.8	1e-07
210	1e-07
210.2	1e-07
210.4	1e-07
210.6	1e-07
210.8	1e-07
211	1e-07
211.2	1e-07
211.4	1e-07
211.6	1e-07
211.8	1e-07
212	1e-07
212.2	1e-07
212.4	1e-07
212.6	1e-07
212.8	1e-07
213	1e-07
213.2	1e-07
213.4	1e-07
213.6	1e-07
213.8	1e-07
214	1e-07
214.2	1e-07
214.4	1e-07
214.6	1e-07
214.8	1e-07
215	1e-07
215.2	1e-07
215.4	1e-07
215.6	1e-07
215.8	1e-07
216	1e-07
216.2	1e-07
216.4	1e-07
216.6	1e-07
216.8	1e-07
217	1e-07
217.2	1e-07
217.4	1e-07
217.6	1e-07
217.8	1e-07
218	1e-07
218.2	1e-07
218.4	1e-07
218.6	1e-07
218.8	1e-07
219	1e-07
219.2	1e-07
219.4	1e-07
219.6	1e-07
219.8	1e-07
220	1e-07
220.2	1e-07
220.4	1e-07
220.6	1e-07
220.8	1e-07
221	1e-07
221.2	1e-07
221.4	1e-07
221.6	1e-07
221.8	1e-07
222	1e-07
222.2	1e-07
222.4	1e-07
222.6	1e-07
222.8	1e-07
223	1e-07
223.2	1e-07
223.4	1e-07
223.6	1e-07
223.8	1e-07
224	1e-07
224.2	1e-07
224.4	1e-07
224.6	1e-07
224.8	1e-07
225	1e-07
225.2	1e-07
225.4	1e-07
225.6	1e-07
225.8	1e-07
226	1e-07
226.2	1e-07
226.4	1e-07
226.6	1e-07
226.8	1e-07
227	1e-07
227.2	1e-07
227.4	1e-07
227.6	1e-07
227.8	1e-07
228	1e-07
228.2	1e-07
228.4	1e-07
228.6	1e-07
228.8	1e-07
229	1e-07
229.2	1e-07
229.4	1e-07
229.6	1e-07
229.8	1e-07
230	1e-07
230.2	1e-07
230.4	1e-07
230.6	1e-07
230.8	1e-07
231	1e-07
231.2	1e-07
231.4	1e-07
231.6	1e-07
231.8	1e-07
232	1e-07
232.2	1e-07
232.4	1e-07
232.6	1e-07
232.8	1e-07
233	1e-07
233.2	1e-07
233.4	1e-07
233.6	1e-07
233.8	1e-07
234	1e-07
234.2	1e-07
234.4	1e-07
234.6	1e-07
234.8	1e-07
235	1e-07
235.2	1e-07
235.4	1e-07
235.6	1e-07
235.8	1e-07
236	1e-07
236.2	1e-07
236.4	1e-07
236.6	1e-07
236.8	1e-07
237	1e-07
237.2	1e-07
237.4	1e-07
237.6	1e-07
237.8	1e-07
238	1e-07
238.2	1e-07
238.4	1e-07
238.6	1e-07
238.8	1e-07
239	1e-07
239.2	1e-07
239.4	1e-07
239.6	1e-07
239.8	1e-07
240	1e-07
240.2	1e-07
240.4	1e-07
240.6	1e-07
240.8	1e-07
241	1e-07
241.2	1e-07
241.4	1e-07
241.6	1e-07
241.8	1e-07
242	1e-07
242.2	1e-07
242.4	1e-07
242.6	1e-07
242.8	1e-07
243	1e-07
243.2	1e-07
243.4	1e-07
243.6	1e-07
243.8	1e-07
244	1e-07
244.2	1e-07
244.4	1e-07
244.6	1e-07
244.8	1e-07
245	1e-07
245.2	1e-07
245.4	1e-07
245.6	1e-07
245.8	1e-07
246	1e-07
246.2	1e-07
246.4	1e-07
246.6	1e-07
246.8	1e-07
247	1e-07
247.2	1e-07
247.4	1e-07
247.6	1e-07
247.8	1e-07
248	1e-07
248.2	1e-07
248.4	1e-07
248.6	1e-07
248.8	1e-07
249	1e-07
249.2	1e-07
249.4	1e-07
249.6	1e-07
249.8	1e-07
250	1e-07
250.2	1e-07
250.4	1e-07
250.6	1e-07
250.8	1e-07
251	1e-07
251.2	1e-07
251.4	1e-07
251.6	1e-07
251.8	1e-07
252	1e-07
252.2	1e-07
252.4	1e-07
252.6	1e-07
252.8	1e-07
253	1e-07
253.2	1e-07
253.4	1e-07
253.6	1e-07
253.8	1e-07
254	1e-07
254.2	1e-07
254.4	1e-07
254.6	1e-07
254.8	1e-07
255	1e-07
255.2	1e-07
255.4	1e-07
255.6	1e-07
255.8	1e-07
256	1e-07
256.2	1e-07
256.4	1e-07
256.6	1e-07
256.8	1e-07
257	1e-07
257.2	1e-07
257.4	1e-07
257.6	1e-07
257.8	1e-07
258	1e-07
258.2	1e-07
258.4	1e-07
258.6	1e-07
258.8	1e-07
259	1e-07
259.2	1e-07
259.4	1e-07
259.6	1e-07
259.8	1e-07
260	1e-07
260.2	1e-07
260.4	1e-07
260.6	1e-07
260.8	1e-07
261	1e-07
261.2	1e-07
261.4	1e-07
261.6	1e-07
261.8	1e-07
262	1e-07
262.2	1e-07
262.4	1e-07
262.6	1e-07
262.8	1e-07
263	1e-07
263.2	1e-07
263.4	1e-07
263.6	1e-07
263.8	1e-07
264	1e-07
264.2	1e-07
264.4	1e-07
264.6	1e-07
264.8	1e-07
265	1e-07
265.2	1e-07
265.4	1e-07
265.6	1e-07
265.8	1e-07
266	1e-07
266.2	1e-07
266.4	1e-07
266.6	1e-07
266.8	1e-07
267	1e-07
267.2	1e-07
267.4	1e-07
267.6	1e-07
267.8	1e-07
268	1e-07
268.2	1e-07
268.4	1e-07
268.6	1e-07
268.8	1e-07
269	1e-07
269.2	1e-07
269.4	1e-07
269.6	1e-07
269.8	1e-07
270	1e-07
270.2	1e-07
270.4	1e-07
270.6	1e-07
270.8	1e-07
271	1e-07
271.2	1e-07
271.4	1e-07
271.6	1e-07
271.8	1e-07
272	1e-07
272.2	1e-07
272.4	1e-07
272.6	1e-07
272.8	1e-07
273	1e-07
273.2	1e-07
273.4	1e-07
273.6	1e-07
273.8	1e-07
274	1e-07
274.2	1e-07
274.4	1e-07
274.6	1e-07
274.8	1e-07
275	1e-07
275.2	1e-07
275.4	1e-07
275.6	1e-07
275.8	1e-07
276	1e-07
276.2	1e-07
276.4	1e-07
276.6	1e-07
276.8	1e-07
277	1e-07
277.2	1e-07
277.4	1e-07
277.6	1e-07
277.8	1e-07
278	1e-07
278.2	1e-07
278.4	1e-07
278.6	1e-07
278.8	1e-07
279	1e-07
279.2	1e-07
279.4	1e-07
279.6	1e-07
279.8	1e-07
280	1e-07
280.2	1e-07
280.4	1e-07
280.6	1e-07
280.8	1e-07
281	1e-07
281.2	1e-07
281.4	1e-07
281.6	1e-07
281.8	1e-07
282	1e-07
282.2	1e-07
282.4	1e-07
282.6	1e-07
282.8	1e-07
283	1e-07
283.2	1e-07
283.4	1e-07
283.6	1e-07
283.8	1e-07
284	1e-07
284.2	1e-07
284.4	1e-07
284.6	1e-07
284.8	1e-07
285	1e-07
285.2	1e-07
285.4	1e-07
285.6	1.218477789108e-07
285.8	1.57680089013638e-07
286	2.03531777991276e-07
286.2	2.59271999777802e-07
286.4	3.2038336807538e-07
286.6	3.78736429561118e-07
286.8	4.28372006658426e-07
287	4.71257670490063e-07
287.2	5.16828256036625e-07
287.4	5.78217377771863e-07
287.6	6.70959752265967e-07
287.8	8.15281446810088e-07
288	1.04066496837328e-06
288.2	1.39112803215483e-06
288.4	1.92722706434356e-06
288.6	2.7144081962094e-06
288.8	3.78408891108994e-06
289	5.08323535260833e-06
289.2	6.48832739712382e-06
289.4	7.91501986215265e-06
289.6	9.40114459863883e-06
289.8	1.10823606261059e-05
290	1.31390464874065e-05
290.2	1.57856825354275e-05
290.4	1.93022114962179e-05
290.6	2.40879675399277e-05
290.8	3.07246735427689e-05
291	4.00366553433588e-05
291.2	5.31311675267964e-05
291.4	7.14088184112141e-05
291.6	9.65750527640246e-05
291.8	0.000130750244412818
292	0.000176800269302526
292.2	0.000238434398180379
292.4	0.000318865493862331
292.6	0.000417375532564798
292.8	0.000526328977490299
293	0.000635758354161166
293.2	0.000745755253795151
293.4	0.00087258737662858
293.6	0.00104259515782223
293.8	0.00128019237388515
294	0.00158491094400622
294.2	0.00189345388269825
294.4	0.0020880528139222
294.6	0.0021168311896046
294.8	0.00205333821009611
295	0.00199274150530406
295.2	0.00197643675700822
295.4	0.00199527571628241
295.6	0.00201122404555329
295.8	0.00198669679137953
296	0.0019177822963107
296.2	0.00183895518208278
296.4	0.00179596737487171
296.6	0.00182537119883322
296.8	0.0019551970585419
297	0.00221159621672301
297.2	0.00261418424187905
297.4	0.00314500996782535
297.6	0.00369668593020703
297.8	0.0040890916653379
298	0.00423621037380589
298.2	0.00424871195993416
298.4	0.00431234632714369
298.6	0.00457306214547311
298.8	0.00513415645879564
299	0.00606595875592538
299.2	0.00733230897147566
299.4	0.00861999497081331
299.6	0.00937873939463035
299.8	0.00941164465352182
300	0.00915519165467266
300.2	0.00915026600554409
300.4	0.00973700125088321
300.6	0.0112312656799684
300.8	0.0140697145060633
301	0.0183362244888671
301.2	0.0217583748774765
301.4	0.0201046192252186
301.6	0.0151537183285979
301.8	0.01105349606648
302	0.00859092959284588
302.2	0.00731649422517425
302.4	0.00684780450250414
302.6	0.00700038296128154
302.8	0.00773322207564651
303	0.00915330049539246
303.2	0.0116039837469174
303.4	0.0156012514121272
303.6	0.0210415745422247
303.8	0.0255202384605306
304	0.0259399565762101
304.2	0.0234521556757172
304.4	0.0204317841746628
304.6	0.0182170680897777
304.8	0.0176984206857538
305	0.0190720122813483
305.2	0.022786378170829
305.4	0.0300896904421062
305.6	0.043436336274224
305.8	0.0658640921617061
306	0.0946179657047709
306.2	0.112396199717205
306.4	0.110310593432195
306.6	0.103109276992058
306.8	0.102936776702194
307	0.114752228736058
307.2	0.141006802652339
307.4	0.170351487189292
307.6	0.158318995858602
307.8	0.105640756276363
308	0.0636009114887334
308.2	0.0405616657601107
308.4	0.0285489526028118
308.6	0.0221839080593075
308.8	0.0189044996545037
309	0.0175926752525257
309.2	0.0179211189705848
309.4	0.020299936952487
309.6	0.0264729785016657
309.8	0.03709175982581
310	0.0431903623763244
310.2	0.0507378315370675
310.4	0.062708659700593
310.6	0.0726203920110493
310.8	0.0740576340993142
311	0.071164677943844
311.2	0.0702879218273633
311.4	0.0610358847122746
311.6	0.0485041892692084
311.8	0.0426024558014686
312	0.0416514968263434
312.2	0.0443955925757488
312.4	0.0509353536895247
312.6	0.0623748863146957
312.8	0.0807704618752573
313	0.108801979757333
313.2	0.147741999172481
313.4	0.192065345428374
313.6	0.226061437569148
313.8	0.237297380612032
314	0.231284021244982
314.2	0.220615808026546
314.4	0.213128551630129
314.6	0.21160267154828
314.8	0.216499677374205
315	0.227661628626013
315.2	0.245027346687745
315.4	0.26878274694667
315.6	0.298750892578301
315.8	0.332133671878403
316	0.358879434739205
316.2	0.358987181927221
316.4	0.317249684254678
316.6	0.24906788013732
316.8	0.183932393014722
317	0.135256365832994
317.2	0.102436840238316
317.4	0.0811327237301907
317.6	0.0676462588102354
317.8	0.059635130866913
318	0.0558326768821339
318.2	0.0555804384583004
318.4	0.057625341301293
318.6	0.0590707737556114
318.8	0.0624298801503261
319	0.0727162582885346
319.2	0.0906734670298741
319.4	0.114690590862334
319.6	0.137565147642503
319.8	0.147406370237675
320	0.141174433988333
320.2	0.128572715261591
320.4	0.119265632811297
320.6	0.117960797067602
320.8	0.127766960039054
321	0.153870763443495
321.2	0.205111921262175
321.4	0.279524002344252
321.6	0.302630050927877
321.8	0.216693064389341
322	0.129738408166648
322.2	0.081524822062816
322.4	0.0573483474054344
322.6	0.0455333513007433
322.8	0.0409137180843685
323	0.042021959596879
323.2	0.0505667731415842
323.4	0.0745801288359701
323.6	0.136835796370176
323.8	0.175254204856223
324	0.0706810507740388
324.2	0.0257500552763795
324.4	0.0116746944864301
324.6	0.0062881896325883
324.8	0.00383557828943056
325	0.00257211585886261
325.2	0.00186314050375437
325.4	0.00144529185163986
325.6	0.00121465941433919
325.8	0.00115930283408335
326	0.000933981000658021
326.2	0.000865794165727186
326.4	0.000857419713653248
326.6	0.000897047272344739
326.8	0.000992720533001523
327	0.00116714142135847
327.2	0.00146534446347692
327.4	0.00196677081769747
327.6	0.00276789042142889
327.8	0.00375446640690015
328	0.00408951283238859
328.2	0.00323549281574025
328.4	0.00215851162796921
328.6	0.00142983028591051
328.8	0.00100121446981975
329	0.000749744308485053
329.2	0.000598605053607984
329.4	0.000506836005708433
329.6	0.000453040779778594
329.8	0.00042628547204675
330	0.000421786973011979
330.2	0.000439294891309702
330.4	0.000483327379293062
330.6	0.000562655533160147
330.8	0.000688228165918688
331	0.00090423221226656
331.2	0.00129782237334797
331.4	0.00204885946038994
331.6	0.0034683513676432
331.8	0.00530834429024963
332	0.00521431912821582
332.2	0.00346610552414431
332.4	0.00218945195672667
332.6	0.0015014598269262
332.8	0.00113423291903356
333	0.000934964769628595
333.2	0.000832610959031185
333.4	0.000795690363241722
333.6	0.000813384940017847
333.8	0.000889167312145105
334	0.00104164470834172
334.2	0.00131193689684042
334.4	0.00177230334253429
334.6	0.00242716901025838
334.8	0.00308326227107347
335	0.00313288801322128
335.2	0.00244040003283368
335.4	0.00168661474991838
335.6	0.00117452087428357
335.8	0.000864746916751115
336	0.000679873503333482
336.2	0.000570067303615005
336.4	0.000508338871493835
336.6	0.000481533544396974
336.8	0.00048571098280395
337	0.000524675537565944
337.2	0.000598990588345578
337.4	0.000705418251086676
337.6	0.000909382405353059
337.8	0.00132247225290068
338	0.00220474650795187
338.2	0.00408632915873547
338.4	0.00591057999434822
338.6	0.00397822705849109
338.8	0.00200792014898253
339	0.00111465888766229
339.2	0.000704980422768596
339.4	0.000496047263434641
339.6	0.000380154481807259
339.8	0.000313361732417886
340	0.000277601187157666
340.2	0.000273286407173859
340.4	0.000326639137755189
340.6	0.000272534518280162
340.8	0.000253340319890833
341	0.000268369740996866
341.2	0.000304625387489653
341.4	0.000366983685371679
341.6	0.000469873065841085
341.8	0.000641136829752542
342	0.000926785937912374
342.2	0.00136147052851113
342.4	0.0017870098796247
342.6	0.00175539093438478
342.8	0.00131408732826641
343	0.000899839972605465
343.2	0.000631937166070236
343.4	0.000470787143774578
343.6	0.000373290830187511
343.8	0.00031375311987635
344	0.000278435315676596
344.2	0.000260642561257836
344.4	0.000258650828097793
344.6	0.000272430357438056
344.8	0.000285698319262546
345	0.000303762952239172
345.2	0.000346483687790575
345.4	0.000423372583671841
345.6	0.000555973122129792
345.8	0.000794447088913302
346	0.00125875629059868
346.2	0.00223545332656838
346.4	0.00405678012296153
346.6	0.00483567020868656
346.8	0.00304640374448597
347	0.00167606117021358
347.2	0.0010150984459441
347.4	0.00068638546814244
347.6	0.000508106282435335
347.8	0.000404859944825272
348	0.000343903510074929
348.2	0.000312161158427495
348.4	0.00031593015644064
348.6	0.000375667606729657
348.8	0.000308753576850777
349	0.000285758237293727
349.2	0.000294859363695945
349.4	0.000321513593945546
349.6	0.000366285507061182
349.8	0.000435460035301677
350	0.000541555482736907
350.2	0.000707747462830622
350.4	0.000977584208302897
350.6	0.00143347322370578
350.8	0.00221736257753233
351	0.00345212581698675
351.2	0.00469335412258718
351.4	0.00467178037177361
351.6	0.00356920646802813
351.8	0.00253109063018916
352	0.00185136220617472
352.2	0.00143679082225712
352.4	0.0011848300698997
352.6	0.0010339024210079
352.8	0.000951998279276174
353	0.000927402202181148
353.2	0.000968595035100034
353.4	0.00106800952216398
353.6	0.00110841653831038
353.8	0.00118035735513291
354	0.00135175996261875
354.2	0.00164375362986158
354.4	0.00210563113410761
354.6	0.00281076877804167
354.8	0.00378871925671928
355	0.00477506617911989
355.2	0.00502696618918079
355.4	0.00424640330838949
355.6	0.00314337201497243
355.8	0.00226510762220941
356	0.00168001137244214
356.2	0.00131131270079941
356.4	0.00109141866534807
356.6	0.000989069046840348
356.8	0.00100046473280225
357	0.00102838178241631
357.2	0.000892259107899903
357.4	0.000755430702066397
357.6	0.000691317341001278
357.8	0.00067877632350344
358	0.000705349745486087
358.2	0.000771484601061443
358.4	0.000888566614780852
358.6	0.00108271305689447
358.8	0.00140697698250924
359	0.00196881233724294
359.2	0.00297342857751215
359.4	0.00463453437187309
359.6	0.00612566327299143
359.8	0.00523200839292467
360	0.00327281800604057
360.2	0.00198246746826091
360.4	0.00129094173703316
360.6	0.000920766117608347
360.8	0.000726577309371666
361	0.000661264704945453
361.2	0.000791571717687617
361.4	0.00120126237225996
361.6	0.000736765497431313
361.8	0.000432131516715477
362	0.000334372269528366
362.2	0.000297036380560023
362.4	0.000284889057277027
362.6	0.000288474894469171
362.8	0.000306032378477685
363	0.000339780481093513
363.2	0.000396052914227166
363.4	0.000488039978927394
363.6	0.000643306696798143
363.8	0.000924223251874592
364	0.0014887909667073
364.2	0.00277311228417425
364.4	0.00554794031849134
364.6	0.00648388958212343
364.8	0.00337595343035523
365	0.00164471834515892
365.2	0.000928269305046931
365.4	0.000597830362526677
365.6	0.000429490947021963
365.8	0.000347369486942335
366	0.000360063440429244
366.2	0.000750377662681018
366.4	0.000346910501992285
366.6	0.000200825844654496
366.8	0.000162404300894897
367	0.000146152779326442
367.2	0.000138894610437562
367.4	0.000137228851781822
367.6	0.000140187487186003
367.8	0.000147832533182471
368	0.000160990675206713
368.2	0.000181396563775432
368.4	0.000212197038415717
368.6	0.000259071077901991
368.8	0.000332700254000526
369	0.000454572894927141
369.2	0.000671784185518028
369.4	0.00109715565158328
369.6	0.00200300629298118
369.8	0.0036754143742501
370	0.00419817247024691
370.2	0.00254114528138143
370.4	0.00138562149592293
370.6	0.000837174665152487
370.8	0.000564470237317693
371	0.00041730377617476
371.2	0.000336323940462993
371.4	0.00030781982660821
371.6	0.000403955527267995
371.8	0.000341487956423805
372	0.000227261860012559
372.2	0.000198403155042701
372.4	0.000189945943893181
372.6	0.000191259825773165
372.8	0.000200399070509051
373	0.000217994731303967
373.2	0.000246503646778299
373.4	0.000290861716892825
373.6	0.000360502164250214
373.8	0.000474288025750543
374	0.000673389299618483
374.2	0.0010592684731464
374.4	0.00192130845551643
374.6	0.00413257526281359
374.8	0.00785467191260589
375	0.0053994474176191
375.2	0.00241825367834619
375.4	0.00125307207941707
375.6	0.000764984975237882
375.8	0.000537765284778701
376	0.000488299441353836
376.2	0.000611329278915081
376.4	0.000291642450272229
376.6	0.000222705107855263
376.8	0.000190843045017936
377	0.000172199850948626
377.2	0.00016111583161931
377.4	0.000155428635637114
377.6	0.000154210396555056
377.8	0.000157195112385469
378	0.000164621593920064
378.2	0.000177254940222054
378.4	0.000196556485176781
378.6	0.000225064824376809
378.8	0.000267169285961172
379	0.000330716243970932
379.2	0.00043056419251183
379.4	0.000597173042038293
379.6	0.000899698261287096
379.8	0.0015154387055811
380	0.00294187407562067
380.2	0.00607730942500285
380.4	0.00719877363330998
380.6	0.00384317704834422
380.8	0.00193272013283809
381	0.0011245087582756
381.2	0.000754089968278795
381.4	0.000646671846910009
381.6	0.000513064487837807
381.8	0.000345656103533774
382	0.000280455173291168
382.2	0.000241863096353705
382.4	0.000216779418458919
382.6	0.00020040156385921
382.8	0.00019035543415809
383	0.000185372772871144
383.2	0.000184830404946175
383.4	0.000188563574037497
383.6	0.000196806844696162
383.8	0.000210221546402635
384	0.000230010975273524
384.2	0.000258158159539508
384.4	0.000297869785546728
384.6	0.000354405182097962
384.8	0.000436679728036743
385	0.000560532988352071
385.2	0.000755827610424536
385.4	0.00108296900826444
385.6	0.00167354490809507
385.8	0.00282614324950559
386	0.00509448327953916
386.2	0.00802927858975708
386.4	0.00745542333223255
386.6	0.00461450589713276
386.8	0.00278293721831447
387	0.00188656939635917
387.2	0.00137034660719169
387.4	0.000996126067592469
387.6	0.000794535945597272
387.8	0.00066895110742447
388	0.000587250599670285
388.2	0.000534146741662285
388.4	0.00050141630149284
388.6	0.000484554312491651
388.8	0.000481323895904665
389	0.000491116376182571
389.2	0.000514761664553476
389.4	0.000554686664679105
389.6	0.000615473768541908
389.8	0.000705048086174928
390	0.000837044362008321
390.2	0.00103562579478262
390.4	0.00134579318396393
390.6	0.00185672867578039
390.8	0.0027564874199363
391	0.00444668867348333
391.2	0.00755297236451328
391.4	0.011013309423265
391.6	0.00968448684473791
391.8	0.00587771797746602
392	0.00341899415613428
392.2	0.00214788387161296
392.4	0.00146154103472053
392.6	0.0010619233044195
392.8	0.000813056566078058
393	0.000649405411126625
393.2	0.000537092236024579
393.4	0.000457433587871345
393.6	0.000399537008902427
393.8	0.000356750191911154
394	0.000324852452548089
394.2	0.000301083480340762
394.4	0.00028359734594685
394.6	0.00027114349570335
394.8	0.000262874464381955
395	0.00025822734349507
395.2	0.000256849978550787
395.4	0.000258555519738931
395.6	0.000263295925960074
395.8	0.000271149044138643
396	0.000282316332177526
396.2	0.000297129890866613
396.4	0.000316068602860963
396.6	0.000339784094576759
396.8	0.000369138106308607
397	0.00040525347448674
397.2	0.00044958154478318
397.4	0.000503988969670603
397.6	0.000570865924494808
397.8	0.000653254498066578
398	0.000754987820940801
398.2	0.000880812757126732
398.4	0.00103643415431772
398.6	0.0012283567479421
398.8	0.00146330547452607
399	0.00174689464342777
399.2	0.00208118413786851
399.4	0.00246104168523644
399.6	0.00287016629765672
399.8	0.00327922349190538
400	0.0036495349041265
400.2	0.00394364000842736
400.4	0.00413839667322828
400.6	0.00423243909713098
400.8	0.00424353079493501
401	0.00419918703030889
401.2	0.00412730265784407
401.4	0.0040507599363603
401.6	0.00398604525110046
401.8	0.0039441619721655
402	0.00393229321324948
402.2	0.0039553925804231
402.4	0.00401743612304106
402.6	0.0041223417051338
402.8	0.00427465290205963
403	0.00448009434686799
403.2	0.00474609192510875
403.4	0.00508233647964758
403.6	0.00550146388929918
403.8	0.00601992895941945
404	0.00665916639219327
404.2	0.00744716118320618
404.4	0.00842059666099245
404.6	0.00962781697983502
404.8	0.0111329410850515
405	0.0130216092911878
405.2	0.0154090469298601
405.4	0.0184514070155749
405.6	0.022361709010237
405.8	0.0274320842971565
406	0.0340643106080471
406.2	0.0428103052313465
406.4	0.0544221776576937
406.6	0.0699050312293203
406.8	0.0905499062725504
407	0.117891570061112
407.2	0.153482789116058
407.4	0.198329798270475
407.6	0.251903610059819
407.8	0.311028028560508
408	0.369622363287721
408.2	0.42037928148492
408.4	0.457897262051452
408.6	0.480874782329178
408.8	0.49170652283718
409	0.494426883886762
409.2	0.492867810931646
409.4	0.489823051722155
409.6	0.486979988650799
409.8	0.485165588271088
410	0.484631133672879
410.2	0.485279567907095
410.4	0.486826962507453
410.6	0.488915419720192
410.8	0.491194870859121
411	0.493385127295693
411.2	0.495325106566146
411.4	0.497016388363621
411.6	0.498674808325822
411.8	0.50081948020853
412	0.504460583072642
412.2	0.511509936219665
412.4	0.525640453202712
412.6	0.553832656739813
412.8	0.607816327442776
413	0.699384319641338
413.2	0.817798064259309
413.4	0.915455933726985
413.6	0.960977777601879
413.8	0.970721271896141
414	0.969230338332061
414.2	0.968096801052597
414.4	0.969774606061077
414.6	0.973191849204925
414.8	0.976568629829366
415	0.978582471107395
415.2	0.978725578226875
415.4	0.977213978541285
415.6	0.97468513097864
415.8	0.971878519856899
416	0.969411905760698
416.2	0.967676327721591
416.4	0.966821730075231
416.6	0.966794933823664
416.8	0.967401279578926
417	0.968372806366161
417.2	0.969432558621082
417.4	0.970347241345362
417.6	0.970962054439371
417.8	0.971214343904191
418	0.971126918043747
418.2	0.970786091152308
418.4	0.970312038665295
418.6	0.96982909712069
418.8	0.969441690634487
419	0.96921879663825
419.2	0.969187386342411
419.4	0.969333659137659
419.6	0.969610154820407
419.8	0.969946689718569
420	0.970263197303444
420.2	0.970482750107408
420.4	0.970543222496615
420.6	0.970406275481347
420.8	0.970062674299026
421	0.969533422048031
421.2	0.968866771024111
421.4	0.968131751773366
421.6	0.967409310909842
421.8	0.966782378884052
422	0.9663261742188
422.2	0.966099837694681
422.4	0.966140166551011
422.6	0.966457875633442
422.8	0.967036513323312
423	0.96783393085829
423.2	0.968786038185848
423.4	0.969812455075707
423.6	0.970823560460236
423.8	0.971728346092449
424	0.972442397526348
424.2	0.97289528165076
424.4	0.973036642492299
424.6	0.972840415096244
424.8	0.972306762589854
425	0.971461601086668
425.2	0.970353857760049
425.4	0.969050858009504
425.6	0.967632414430616
425.8	0.966184269458317
426	0.964791525899167
426.2	0.963532606657202
426.4	0.962474149405679
426.6	0.961667096524897
426.8	0.961144109982184
427	0.960918337592934
427.2	0.960983482916221
427.4	0.961315084934222
427.6	0.96187286527364
427.8	0.962603971936859
428	0.963446913379694
428.2	0.964335935958013
428.4	0.965205561023755
428.6	0.965994972835028
428.8	0.966651945100717
429	0.967136020311696
429.2	0.967420714646169
429.4	0.967494607856773
429.6	0.967361281281544
429.8	0.967038172970379
430	0.966554511472621
430.2	0.965948556909261
430.4	0.965264413442637
430.6	0.964548681978499
430.8	0.96384719998648
431	0.963202074862675
431.2	0.962649167196992
431.4	0.962216141056631
431.6	0.961921147256366
431.8	0.961772168097349
432	0.961767019300519
432.2	0.961893975663029
432.4	0.96213295985574
432.6	0.962457207666484
432.8	0.962835298078091
433	0.963233414506671
433.2	0.963617687134998
433.4	0.963956458859422
433.6	0.964222321769993
433.8	0.964393788752104
434	0.964456495106833
434.2	0.964403865168682
434.4	0.964237224053633
434.6	0.963965378898927
434.8	0.963603734616933
435	0.963173036389731
435.2	0.962697847196701
435.4	0.962204877826454
435.6	0.961721281727471
435.8	0.961273016033065
436	0.960883355198038
436.2	0.960571627307924
436.4	0.960352226882362
436.6	0.960233942542984
436.8	0.960219623107605
437	0.960306190898264
437.2	0.960484995634833
437.4	0.960742485850665
437.6	0.961061157510085
437.8	0.961420722331711
438	0.961799422786626
438.2	0.962175408843964
438.4	0.962528086622431
438.6	0.962839347125105
438.8	0.963094589475385
439	0.963283482098012
439.2	0.963400418258095
439.4	0.963444649535961
439.6	0.96342010704156
439.8	0.963334942948856
440	0.963200842289478
440.2	0.963032165590997
440.4	0.962844986729959
440.6	0.962656088067005
440.8	0.962481969158976
441	0.962337916726895
441.2	0.962237174780327
441.4	0.962190245893449
441.6	0.962204348110784
441.8	0.962283046747913
442	0.962426075811161
442.2	0.962629358783758
442.4	0.962885230710457
442.6	0.963182862278752
442.8	0.963508871695875
443	0.963848095715344
443.2	0.964184482356309
443.4	0.964502054928033
443.6	0.964785887540964
443.8	0.965023027147577
444	0.96520329766849
444.2	0.965319928586619
444.4	0.965369963260119
444.6	0.965354419858724
444.8	0.965278198198046
445	0.965149746301605
445.2	0.964980518728312
445.4	0.964784272489298
445.6	0.964576254477801
445.8	0.964372336459192
446	0.964188150456518
446.2	0.964038270195753
446.4	0.9639354752298
446.6	0.963890123945447
446.8	0.963909651734773
447	0.963998204371109
447.2	0.964156411807912
447.4	0.964381304900146
447.6	0.964666376310093
447.8	0.965001786137702
448	0.965374711587696
448.2	0.965769837339911
448.4	0.966169978612442
448.6	0.966556822024024
448.8	0.966911760625825
449	0.967216789763085
449.2	0.967455421064127
449.4	0.967613564408699
449.6	0.96768032375825
449.8	0.967648653478995
450	0.967515827899121
450.2	0.96728368825833
450.4	0.966958647269166
450.6	0.966551448144654
450.8	0.966076693342037
451	0.96555217661457
451.2	0.9649980643178
451.4	0.964435979744571
451.6	0.963888046681805
451.8	0.963375945631123
452	0.962920029221798
452.2	0.962538533693723
452.4	0.962246912507951
452.6	0.962057307602854
452.8	0.961978164692349
453	0.962013992016628
453.2	0.962165257370169
453.4	0.962428415901835
453.6	0.962796060633823
453.8	0.963257188187205
454	0.963797573040422
454.2	0.964400244010269
454.4	0.965046056133759
454.6	0.965714349032852
454.8	0.96638367597538
455	0.967032587041996
455.2	0.967640441673108
455.4	0.968188219339347
455.6	0.968659292249107
455.8	0.96904012099064
456	0.969320833995702
456.2	0.969495655259401
456.4	0.969563151928805
456.6	0.969526283717347
456.8	0.969392248649176
457	0.969172133067007
457.2	0.968880386674969
457.4	0.968534154253501
457.6	0.96815250350184
457.8	0.967755592618249
458	0.967363821623871
458.2	0.966997008455407
458.4	0.966673625248131
458.6	0.966410122806751
458.8	0.966220363340966
459	0.966115175543909
459.2	0.966102036064575
459.4	0.966184877860686
459.6	0.966364022078762
459.8	0.966636227367921
460	0.966994849172868
460.2	0.967430100790733
460.4	0.967929407657949
460.6	0.968477847184822
460.8	0.969058663207194
461	0.969653843780637
461.2	0.970244748635746
461.4	0.970812769426529
461.6	0.971340002541057
461.8	0.971809911020053
462	0.972207949601673
462.2	0.972522125643807
462.4	0.972743469153647
462.6	0.972866387684999
462.8	0.972888886534635
463	0.972812641745908
463.2	0.972642920303654
463.4	0.972388349997393
463.6	0.972060551872675
463.8	0.971673654975959
464	0.971243719124423
464.2	0.970788095341529
464.4	0.970324755197784
464.6	0.969871619663978
464.8	0.969445915531519
465	0.969063583461222
465.2	0.968738756849929
465.4	0.968483325514859
465.6	0.968306593179311
465.8	0.968215033268524
466	0.968212143820646
466.2	0.968298399466562
466.4	0.968471296389789
466.6	0.968725484801528
466.8	0.969052982548176
467	0.969443462777803
467.2	0.969884607990502
467.4	0.970362522319126
467.6	0.97086219071657
467.8	0.971367974330647
468	0.971864129570629
468.2	0.972335335785729
468.4	0.972767214932567
468.6	0.973146825273141
468.8	0.973463110508687
469	0.973707286080088
469.2	0.973873145833979
469.4	0.973957274931055
469.6	0.973959158684652
469.8	0.97388118174689
470	0.973728517367799
470.2	0.973508912068015
470.4	0.973232376234628
470.6	0.97291079423701
470.8	0.972557473484761
471	0.972186652611251
471.2	0.971812989748101
471.4	0.971451051510452
471.6	0.971114821714128
471.8	0.970817246367294
472	0.970569828579305
472.2	0.970382283908195
472.4	0.970262263439286
472.6	0.970215149018254
472.8	0.970243922539064
473	0.970349109120899
473.2	0.970528792382191
473.4	0.970778698772567
473.6	0.971092346954235
473.8	0.971461257417276
474	0.971875216748741
474.2	0.972322590155086
474.4	0.972790674893508
474.6	0.973266086176503
474.8	0.97373516590185
475	0.974184403303936
475.2	0.974600855443262
475.4	0.974972554502389
475.6	0.975288888306173
475.8	0.975540940489393
476	0.975721777422564
476.2	0.975826670553412
476.4	0.975853245106898
476.6	0.975801547704323
476.8	0.975674030749267
477	0.975475454168445
477.2	0.975212708679217
477.4	0.974894568338988
477.6	0.974531383093285
477.8	0.974134724317295
478	0.973716997816522
478.2	0.973291039368304
478.4	0.972869707681871
478.6	0.972465488730607
478.8	0.972090123916568
479	0.971754272642489
479.2	0.971467217771975
479.4	0.971236620322204
479.6	0.971068327693648
479.8	0.970966237895456
480	0.9709322206312
480.2	0.970966094744732
480.4	0.971065660448616
480.6	0.971226784233017
480.8	0.971443532908327
481	0.971708352773908
481.2	0.972012290669469
481.4	0.972345250917451
481.6	0.972696282299756
481.8	0.973053888633161
482	0.973406355509721
482.2	0.973742084954839
482.4	0.974049929030648
482.6	0.974319512865794
482.8	0.974541537320302
483	0.974708051582966
483.2	0.974812686518414
483.4	0.974850840568192
483.6	0.974819811462971
483.8	0.974718868875467
484	0.974549265345755
484.2	0.974314185218946
484.4	0.974018633798982
484.6	0.97366927128396
484.8	0.973274198157026
485	0.972842700433731
485.2	0.972384964419686
485.4	0.971911771360395
485.6	0.97143418255571
485.8	0.970963225261559
486	0.970509588992475
486.2	0.970083340678396
486.4	0.969693665912522
486.6	0.969348642153631
486.8	0.969055048339093
487	0.968818214013878
487.2	0.968641909841829
487.4	0.968528280271715
487.6	0.968477818193435
487.8	0.968489380631268
488	0.968560243860171
488.2	0.968686195765433
488.4	0.968861662762696
488.6	0.969079868119514
488.8	0.969333018046321
489	0.969612511436035
489.2	0.969909168624695
489.4	0.970213474030139
489.6	0.970515827026714
489.8	0.970806794966967
490	0.97107736191259
490.2	0.971319166305517
490.4	0.971524720654321
490.6	0.971687608162184
490.8	0.971802649451149
491	0.971866033839399
491.2	0.971875411371
491.4	0.971829942730608
491.6	0.971730305580544
491.8	0.971578657376142
492	0.971378556248762
492.2	0.971134843007998
492.4	0.970853488624134
492.6	0.970541412641241
492.8	0.970206278788305
493	0.969856274572943
493.2	0.969499881851821
493.4	0.969145645290775
493.6	0.968801945288058
493.8	0.968476781383732
494	0.968177571471428
494.2	0.967910971321653
494.4	0.967682718072128
494.6	0.967497500486884
494.8	0.967358857966834
495	0.967269109536929
495.2	0.967229313364099
495.4	0.967239256776656
495.6	0.967297476042623
495.8	0.967401304906282
496	0.967546950375899
496.2	0.967729593823675
496.4	0.967943515079318
496.6	0.968182236809357
496.8	0.968438686084861
497	0.968705369654731
497.2	0.968974559070411
497.4	0.969238481468712
497.6	0.969489511535579
497.8	0.96972035997228
498	0.969924253694164
498.2	0.970095103036445
498.4	0.970227651442674
498.6	0.97031760348029
498.8	0.970361727567273
499	0.970357930492601
499.2	0.970305301649605
499.4	0.970204125840376
499.6	0.970055864510078
499.8	0.969863106281987
500	0.969629488638827
500.2	0.969359593638046
500.4	0.969058821320398
500.6	0.968733243664884
500.8	0.968389444809219
501	0.968034352147873
501.2	0.96767506294829
501.4	0.967318671150458
501.6	0.966972098741752
501.8	0.966641935708142
502	0.966334292086351
502.2	0.96605466511137
502.4	0.965807823900357
502.6	0.965597713561367
502.8	0.965427380084752
503	0.965298916878187
503.2	0.965213433351622
503.4	0.965171045547143
503.6	0.965170888437597
503.8	0.96521114918217
504	0.965289120317062
504.2	0.965401271569211
504.4	0.965543338701542
504.6	0.965710427526294
504.8	0.965897130955353
505	0.966097656696776
505.2	0.966305962961538
505.4	0.966515899351963
505.6	0.966721349788326
505.8	0.966916374279339
506	0.967095346354892
506.2	0.967253082877281
506.4	0.967384963066672
506.6	0.967487033774073
506.8	0.967556098333834
507	0.967589786726949
507.2	0.967586605275402
507.4	0.967545964651202
507.6	0.967468185600364
507.8	0.967354482425296
508	0.967206924912045
508.2	0.967028380002941
508.4	0.966822435073212
508.6	0.966593305150159
508.8	0.966345726797261
509	0.966084841661267
509.2	0.965816072843889
509.4	0.965544997311913
509.6	0.965277217508401
509.8	0.965018235185425
510	0.964773330261034
510.2	0.964547447229061
510.4	0.96434509134107
510.6	0.964170236489435
510.8	0.964026246061204
511	0.963915808082159
511.2	0.963840885684684
511.4	0.963802683329356
511.6	0.9638016290284
511.8	0.963837372554019
512	0.963908799365519
512.2	0.964014059756269
512.4	0.96415061250141
512.6	0.964315282075002
512.8	0.964504328299936
513	0.964713527091601
513.2	0.964938260759981
513.4	0.96517361614499
513.6	0.965414488682082
513.8	0.965655690336251
514	0.965892059210071
514.2	0.966118568534633
514.4	0.966330432701099
514.6	0.966523207992654
514.8	0.966692885740143
515	0.966835975753786
515.2	0.966949578079602
515.4	0.967031441391745
515.6	0.967080006653175
515.8	0.967094435067738
516	0.967074619683364
516.2	0.96702118041017
516.4	0.966935442999011
516.6	0.966819402600215
516.8	0.966675672986037
517	0.966507422898789
517.2	0.966318301283307
517.4	0.966112353394483
517.6	0.965893929930929
517.8	0.965667591435249
518	0.965438010219902
518.2	0.965209872032534
518.4	0.964987779572006
518.6	0.964776159817741
518.8	0.964579176949279
519	0.964400652422471
519.2	0.964243993541935
519.4	0.964112131637262
519.6	0.964007470718102
519.8	0.963931847258806
520	0.963886501547847
520.2	0.963872060780036
520.4	0.963888533879552
520.6	0.96393531836289
520.8	0.964011218497626
521	0.964114474352889
521.2	0.964242801152834
521.4	0.964393438094441
521.6	0.964563206054855
521.8	0.964748572931131
522	0.964945725410267
522.2	0.965150645900438
522.4	0.965359193205508
522.6	0.965567185426103
522.8	0.965770483493131
523	0.965965073688618
523.2	0.966147147490243
523.4	0.966313177093705
523.6	0.966459985025836
523.8	0.966584806362353
524	0.966685342207901
524.2	0.966759803281178
524.4	0.966806942669467
524.6	0.966826077069975
524.8	0.966817096110733
525	0.966780459633497
525.2	0.966717183113776
525.4	0.966628811679159
525.6	0.96651738345548
525.8	0.966385383213074
526	0.966235687493318
526.2	0.966071502564129
526.4	0.96589629667712
526.6	0.965713728178537
526.8	0.96552757107904
527	0.965341639636873
527.2	0.965159713456086
527.4	0.964985464616802
527.6	0.964822388153208
527.8	0.964673737093157
528	0.964542463135648
528.2	0.964431163892233
528.4	0.964342037464759
528.6	0.964276844978246
528.8	0.964236881537635
529	0.96422295593213
529.2	0.964235379272183
529.4	0.964273962611847
529.6	0.964338023482886
529.8	0.964426401145908
530	0.964537480246492
530.2	0.96466922248652
530.4	0.964819205809417
530.6	0.964984670162576
530.8	0.965162569372867
531	0.965349628242249
531.2	0.9655424038731
531.4	0.965737350179597
531.6	0.965930884463348
531.8	0.966119454867891
532	0.966299607481449
532.2	0.966468051834422
532.4	0.966621723504413
532.6	0.966757842600116
532.8	0.966873967194234
533	0.966968040364147
533.2	0.967038429937894
533.4	0.967083960166995
533.6	0.96710393469
533.8	0.967098150340614
534	0.967066901556762
534.2	0.967010975356926
534.4	0.966931637059618
534.6	0.966830607124093
534.8	0.966710029679676
535	0.966572433479931
535.2	0.966420686163262
535.4	0.966257942818049
535.6	0.966087589937418
535.8	0.96591318590419
536	0.965738399171927
536.2	0.965566945304091
536.4	0.965402524003962
536.6	0.965248757215986
536.8	0.965109129308837
537	0.964986930266064
537.2	0.964885202715997
537.4	0.964806693532195
537.6	0.964753810632992
537.8	0.964728585506245
538	0.964732641885427
538.2	0.964767170948597
538.4	0.96483291325549
538.6	0.964930147427566
538.8	0.965058685829899
539	0.96521787719805
539.2	0.965406616114139
539.4	0.965623359174057
539.6	0.965866147614073
539.8	0.966132636091074
540	0.966420127235601
540.2	0.966725611455897
540.4	0.967045811394018
540.6	0.967377230941948
540.8	0.967716207613905
541	0.968058967582593
541.2	0.968401682621557
541.4	0.968740528075013
541.6	0.969071740931356
541.8	0.96939167704694
542	0.969696866553693
542.2	0.9699840664918
542.4	0.970250309736858
542.6	0.970492949342645
542.8	0.970709697494059
543	0.970898658360627
543.2	0.97105835425653
543.4	0.971187744645599
543.6	0.971286237676038
543.8	0.971353694084669
544	0.971390423459003
544.2	0.971397172938727
544.4	0.971375108927264
544.6	0.971325792108593
544.8	0.971251146266434
545	0.971153421667937
545.2	0.971035153793249
545.4	0.970899118257812
545.6	0.970748282817703
545.8	0.970585757369076
546	0.970414742851515
546.2	0.970238479944174
546.4	0.970060198405026
546.6	0.969883067850737
546.8	0.969710150709712
547	0.969544358007797
547.2	0.969388408567429
547.4	0.969244792118787
547.6	0.969115736739599
547.8	0.969003180958367
548	0.968908750777506
548.2	0.968833741797649
548.4	0.968779106553379
548.6	0.968745447103811
548.8	0.968733012858919
549	0.968741703563661
549.2	0.968771077305912
549.4	0.968820363361559
549.6	0.968888479638912
549.8	0.96897405443523
550	0.969075452167053
550.2	0.969190802791023
550.4	0.969318034788099
550.6	0.969454910020367
550.8	0.9695990610109
551	0.96974803001242
551.2	0.969899309143576
551.4	0.970050380991544
551.6	0.970198759062905
551.8	0.970342027457107
552	0.970477879139412
552.2	0.970604152204285
552.4	0.970718863545561
552.6	0.970820239387935
552.8	0.970906742183805
553	0.970977093441034
553.2	0.971030292118463
553.4	0.971065628306457
553.6	0.971082691996844
553.8	0.971081376838415
554	0.971061878868305
554.2	0.971024690303081
554.4	0.970970588564395
554.6	0.97090062079927
554.8	0.9708160842335
555	0.970718502764741
555.2	0.970609600260209
555.4	0.970491271069161
555.6	0.970365548294406
555.8	0.970234570387229
556	0.970100546639222
556.2	0.969965722094028
556.4	0.969832342173159
556.6	0.969702618445769
556.8	0.969578695477542
557	0.969462618995525
557.2	0.969356305999153
557.4	0.969261517197611
557.6	0.969179832105142
557.8	0.969112627077689
558	0.96906105652616
558.2	0.969026037494362
558.4	0.969008237743266
558.6	0.969008067438336
558.8	0.969025674493861
559	0.969060943585921
559.2	0.969113498805934
559.4	0.969182709887361
559.6	0.969267701900246
559.8	0.96936736827116
560	0.969480386949683
560.2	0.969605239323242
560.4	0.969740231446778
560.6	0.969883518773964
560.8	0.970033132604901
561	0.97018700808769
561.2	0.970343013583596
561.4	0.970498980997247
561.6	0.970652736653178
561.8	0.970802132284294
562	0.970945075689123
562.2	0.971079560611085
562.4	0.971203695398396
562.6	0.971315730006198
562.8	0.97141408093857
563	0.971497353788048
563.2	0.971564362983367
563.4	0.971614148449009
563.6	0.971645988928424
563.8	0.971659411776519
564	0.97165419908774
564.2	0.971630390088954
564.4	0.971588279791081
564.6	0.971528413957553
564.8	0.971451580509807
565	0.971358797549029
565.2	0.971251298227031
565.4	0.971130512746931
565.6	0.970998047815392
565.8	0.970855663900746
566	0.970705250676618
566.2	0.970548801046831
566.4	0.970388384156194
566.6	0.970226117792009
566.8	0.970064140574785
567	0.969904584323401
567.2	0.969749546961583
567.4	0.96960106630902
567.6	0.969461095073794
567.8	0.96933147733294
568	0.969213926756753
568.2	0.96911000679987
568.4	0.969021113049509
568.6	0.96894845788876
568.8	0.96889305760121
569	0.968855722023895
569.2	0.96883704684716
569.4	0.968837408487986
569.6	0.968856961616651
569.8	0.968895639330084
570	0.968953155920793
570.2	0.96902901227462
570.4	0.96912250390786
570.6	0.969232730763885
570.8	0.969358609410597
571	0.969498887391043
571.2	0.969652159458536
571.4	0.969816885504167
571.6	0.969991409964925
571.8	0.970173982482795
572	0.970362779568105
572.2	0.970555927005595
572.4	0.970751522729005
572.6	0.970947659880106
572.8	0.971142449761416
573	0.971334044389101
573.2	0.971520658353405
573.4	0.971700589699966
573.6	0.971872239555356
573.8	0.972034130235308
574	0.97218492159375
574.2	0.97232342539518
574.4	0.97244861752134
574.6	0.972559647855368
574.8	0.972655847722212
575	0.97273673480169
575.2	0.972802015470442
575.4	0.972851584568987
575.6	0.972885522628252
575.8	0.972904090639942
576	0.972907722506388
576.2	0.972897015265595
576.4	0.972872717285277
576.6	0.9728357146387
576.8	0.972787015891507
577	0.972727735546683
577.2	0.972659076408501
577.4	0.9725823111345
577.6	0.972498763248358
577.8	0.972409787885635
578	0.972316752539177
578.2	0.972221018062026
578.4	0.972123920173576
578.6	0.972026751699045
578.8	0.971930745755478
579	0.971837060077458
579.2	0.971746762655352
579.4	0.971660818837022
579.6	0.971580080021669
579.8	0.971505274051998
580	0.97143699738838
580.2	0.971375709125445
580.4	0.971321726890095
580.6	0.971275224646053
580.8	0.971236232395522
581	0.971204637756236
581.2	0.971180189372705
581.4	0.9711625021007
581.6	0.971151063886128
581.8	0.971145244241618
582	0.971144304207818
582.2	0.971147407670339
582.4	0.971153633865729
582.6	0.971161990942498
582.8	0.971171430482218
583	0.971180862681126
583.2	0.971189172036178
583.4	0.971195233344699
583.6	0.971197927814392
583.8	0.971196159077273
584	0.971188868901166
584.2	0.971175052394462
584.4	0.971153772505586
584.6	0.971124173626489
584.8	0.971085494121128
585	0.971037077613535
585.2	0.970978382887231
585.4	0.970908992266951
585.6	0.970828618374925
585.8	0.970737109177524
586	0.970634451262533
586.2	0.9705207713131
586.4	0.970396335770295
586.6	0.970261548702216
586.8	0.970116947922921
587	0.96996319942865
587.2	0.969801090241384
587.4	0.969631519770556
587.6	0.969455489822165
587.8	0.969274093400004
588	0.969088502457106
588.2	0.968899954765224
588.4	0.968709740077344
588.6	0.968519185762655
588.8	0.968329642094396
589	0.968142467370082
589.2	0.96795901303811
589.4	0.967780608986857
589.6	0.967608549204278
589.8	0.967444077935447
590	0.967288376460425
590.2	0.967142550669528
590.4	0.967007619586716
590.6	0.966884504690677
590.8	0.966774020382964
591	0.966676865651103
591.2	0.966593616961568
591.4	0.966524722437164
591.6	0.966470497360475
591.8	0.966431121033372
592	0.966406635010311
592.2	0.966396942711895
592.4	0.966401810413684
592.6	0.966420869594282
592.8	0.96645362061582
593	0.966499437699198
593.2	0.96655757514586
593.4	0.966627174747289
593.6	0.966707274313097
593.8	0.966796817238235
594	0.966894663019862
594.2	0.966999598624539
594.4	0.96711035059723
594.6	0.967225597794538
594.8	0.967343984616647
595	0.967464134605238
595.2	0.967584664268191
595.4	0.967704196987468
595.6	0.967821376862704
595.8	0.96793488234145
596	0.968043439486915
596.2	0.968145834736034
596.4	0.968240926991498
596.6	0.968327658926086
596.8	0.968405067404037
597	0.968472292843315
597.2	0.968528587429583
597.4	0.968573322091629
597.6	0.9686059921607
597.8	0.968626221652729
598	0.968633766130291
598.2	0.968628514119598
598.4	0.968610487076664
598.6	0.968579837915604
598.8	0.968536848130618
599	0.968481923560777
599.2	0.968415588863855
599.4	0.968338480780659
599.6	0.968251340285144
599.8	0.9681550037281
600	0.968050393091906
600.2	0.967938505437116
600.4	0.967820401627724
600.6	0.967697194831669
600.8	0.967570038573226
601	0.967440114520047
601.2	0.967308620185481
601.4	0.967176756678178
601.6	0.967045716625872
601.8	0.966916672393793
602	0.96679076471078
602.2	0.966669091807737
602.4	0.966552699164188
602.6	0.966442569949052
602.8	0.966339616232099
603	0.966244671032654
603.2	0.966158481262071
603.4	0.966081701606714
603.6	0.966014889386872
603.8	0.965958500415698
604	0.965912885893705
604.2	0.965878290335118
604.4	0.965854850527405
604.6	0.965842595518818
604.8	0.965841447619518
605	0.965851224393819
605.2	0.965871641613952
605.4	0.96590231713859
605.6	0.965942775672622
605.8	0.965992454357869
606	0.966050709138179
606.2	0.966116821836023
606.4	0.966190007872116
606.6	0.966269424553687
606.8	0.966354179852121
607	0.966443341586006
607.2	0.9665359469212
607.4	0.96663101209636
607.6	0.966727542279119
607.8	0.966824541456583
608	0.966921022262101
608.2	0.967016015640704
608.4	0.967108580255939
608.6	0.967197811543231
608.8	0.967282850317767
609	0.967362890849309
609.2	0.967437188321608
609.4	0.967505065600717
609.6	0.967565919244038
609.8	0.967619224690416
610	0.967664540581006
610.2	0.967701512061115
610.4	0.967729872923904
610.6	0.96774944745444
610.8	0.967760151090172
611	0.967761990010588
611.2	0.967755059777553
611.4	0.967739543067598
611.6	0.967715706520518
611.8	0.967683896749273
612	0.967644535569767
612.2	0.96759811451408
612.4	0.967545188697353
612.6	0.967486370114655
612.8	0.967422320448757
613	0.967353743473299
613.2	0.967281377138149
613.4	0.967205985425108
613.6	0.967128350061959
613.8	0.967049262182298
614	0.966969514016153
614.2	0.966889890694301
614.4	0.966811162244897
614.6	0.966734075857466
614.8	0.966659348484044
615	0.966587659842361
615.2	0.966519645880106
615.4	0.966455892753528
615.6	0.96639693136767
615.8	0.96634323251911
616	0.966295202676144
616.2	0.96625318042486
616.4	0.966217433603646
616.6	0.966188157142293
616.8	0.966165471616093
617	0.966149422519297
617.2	0.966139980256689
617.4	0.966137040846235
617.6	0.966140427320401
617.8	0.966149891808452
618	0.966165118276592
618.2	0.966185725898114
618.4	0.966211273020366
618.6	0.966241261690801
618.8	0.966275142697686
619	0.96631232108629
619.2	0.966352162094864
619.4	0.966393997454343
619.6	0.966437131996108
619.8	0.9664808505068
620	0.966524424766953
620.2	0.966567120986459
620.4	0.966608207848473
620.6	0.966646962864519
620.8	0.966682679201306
621	0.966714672632493
621.2	0.966742288269813
621.4	0.966764907008158
621.6	0.96678195162201
621.8	0.966792892453462
622	0.966797252636626
622.2	0.966794612807311
622.4	0.966784615252618
622.6	0.966766967460881
622.8	0.966741445038716
623	0.96670789396891
623.2	0.966666232190125
623.4	0.96661645048659
623.6	0.96655861268368
623.8	0.966492855152788
624	0.966419385636223
624.2	0.966338481410161
624.4	0.966250486810513
624.6	0.966155810153021
624.8	0.966054920084941
625	0.96594834141079
625.2	0.965836650439636
625.4	0.965720469905191
625.6	0.96560046351332
625.8	0.965477330174126
626	0.965351797977606
626.2	0.965224617972666
626.4	0.965096557810154
626.6	0.964968395311128
626.8	0.964840912015671
627	0.964714886771541
627.2	0.964591089419121
627.4	0.964470274624296
627.6	0.964353175909138
627.8	0.964240499926897
628	0.964132921024287
628.2	0.964031076130502
628.4	0.963935560008394
628.6	0.963846920899353
628.8	0.963765656589565
629	0.963692210921238
629.2	0.96362697076849
629.4	0.963570263493742
629.6	0.96352235489669
629.8	0.963483447664112
630	0.963453680325326
630.2	0.963433126446406
630.4	0.9634217937928
630.6	0.963419625600112
630.8	0.963426501799175
631	0.963442240452
631.2	0.963466599652074
631.4	0.963499279871339
631.6	0.963539926733523
631.8	0.96358813419061
632	0.96364344807662
632.2	0.963705370010379
632.4	0.963773361616469
632.6	0.963846849031341
632.8	0.963925227659197
633	0.964007867140462
633.2	0.964094116493879
633.4	0.964183309391502
633.6	0.964274769524721
633.8	0.964367816018279
634	0.964461768848746
634.2	0.96455595422318
634.4	0.964649709872718
634.6	0.964742390205024
634.8	0.964833371306487
635	0.964922055738113
635.2	0.965007877068643
635.4	0.965090304117098
635.6	0.96516884486936
635.8	0.96524305003596
636	0.965312516221716
636.2	0.965376888681218
636.4	0.965435863638142
636.6	0.96548919015068
636.8	0.965536671509337
637	0.965578166158397
637.2	0.96561358813658
637.4	0.965642907037197
637.6	0.965666147492724
637.8	0.965683388193407
638	0.965694760453578
638.2	0.965700446343846
638.4	0.96570067641116
638.6	0.965695727012257
638.8	0.965685917289497
639	0.965671605820703
639.2	0.96565318697747
639.4	0.9656310870281
639.6	0.965605760023183
639.8	0.965577683503031
640	0.965547354066682
640.2	0.965515282979542
640.4	0.965481991996159
640.6	0.965448008344945
640.8	0.965413860006704
641	0.965380071187919
641.2	0.965347157888418
641.4	0.965315623597829
641.6	0.9652859551535
641.8	0.965258618790037
642	0.965234056408821
642.2	0.965212682092972
642.4	0.965194878890969
642.6	0.965180995889931
642.8	0.965171345601605
643	0.965166201662916
643.2	0.965165796867703
643.4	0.965170321549598
643.6	0.965179922317797
643.8	0.965194701150312
644	0.965214714847173
644.2	0.965239974843373
644.4	0.96527044737917
644.6	0.965306054022783
644.8	0.965346672538531
645	0.965392138090894
645.2	0.965442244773166
645.4	0.965496747447087
645.6	0.965555363877892
645.8	0.965617777147348
646	0.965683638325405
646.2	0.965752569379479
646.4	0.965824166298681
646.6	0.965898002408683
646.8	0.965973631851818
647	0.966050593205388
647.2	0.966128413210385
647.4	0.966206610581704
647.6	0.966284699870305
647.8	0.966362195347212
648	0.966438614878974
648.2	0.966513483764054
648.4	0.966586338499969
648.6	0.966656730451135
648.8	0.966724229388354
649	0.9667884268717
649.2	0.966848939449624
649.4	0.966905411649025
649.6	0.966957518732013
649.8	0.967004969197961
650	0.967047507010813
650.2	0.967084913520809
650.4	0.967117009052378
650.6	0.967143654254994
650.8	0.967164751099005
651	0.967180243523522
651.2	0.967190117744504
651.4	0.967194402227226
651.6	0.967193167327706
651.8	0.967186524601556
652	0.967174625791934
652.2	0.967157661507829
652.4	0.967135859606722
652.6	0.967109483297742
652.8	0.967078828983747
653	0.967044223862831
653.2	0.967006023311292
653.4	0.966964608071728
653.6	0.966920381271176
653.8	0.966873765294924
654	0.966825198542648
654.2	0.966775132093661
654.4	0.96672402630834
654.6	0.966672347392743
654.8	0.966620563953007
655	0.966569143565684
655.2	0.966518549389358
655.4	0.966469236842001
655.6	0.966421650367443
655.8	0.966376220313125
656	0.966333359939916
656.2	0.966293462583335
656.4	0.96625689898415
656.6	0.966224014804417
656.8	0.966195128343756
657	0.966170528468746
657.2	0.966150472766721
657.4	0.966135185933563
657.6	0.966124858403453
657.8	0.96611964522672
658	0.966119665200493
658.2	0.966125000255074
658.4	0.966135695097349
658.6	0.966151757111198
658.8	0.966173156513007
659	0.966199826759236
659.2	0.966231665201261
659.4	0.966268533981521
659.6	0.966310261163414
659.8	0.966356642085287
660	0.966407440928947
660.2	0.966462392402392
660.4	0.966521203426151
660.6	0.966583555553851
660.8	0.966649107369924
661	0.966717496941258
661.2	0.966788344399214
661.4	0.966861254634312
661.6	0.96693582008524
661.8	0.967011623603247
662	0.967088241372205
662.2	0.967165245864334
662.4	0.967242208811241
662.6	0.967318704169573
662.8	0.967394311060642
663	0.96746861666356
663.2	0.967541219041335
663.4	0.967611729880176
663.6	0.967679777122566
663.8	0.967745007475349
664	0.967807088775166
664.2	0.967865712194514
664.4	0.967920594272677
664.6	0.967971478757514
664.8	0.968018138245231
665	0.968060375606918
665.2	0.968098025192525
665.4	0.968130953804211
665.6	0.968159061433614
665.8	0.968182281758717
666	0.968200582398426
666.2	0.96821396492474
666.4	0.968222464634281
666.6	0.968226150083007
666.8	0.968225122389574
667	0.968219514314809
667.2	0.968209489126321
667.4	0.968195239258844
667.6	0.968176984782522
667.8	0.968154971692443
668	0.968129470034253
668.2	0.968100771881265
668.4	0.968069189179871
668.6	0.968035051480554
668.8	0.96799870357419
669	0.967960503046405
669.2	0.967920817771704
669.4	0.967880023367621
669.6	0.967838500625472
669.8	0.967796632935772
670	0.967754803726217
670.2	0.96771339404184
670.4	0.967672780396669
670.6	0.967633332012379
670.8	0.967595408359595
671	0.967559356903424
671.2	0.967525510954063
671.4	0.967494187634793
671.6	0.967465685978657
671.8	0.967440285164051
672	0.9674182428984
672.2	0.967399793957901
672.4	0.967385148890254
672.6	0.967374492886219
672.8	0.967367984824616
673	0.967365756494466
673.2	0.967367911996689
673.4	0.967374527326822
673.6	0.967385650139179
673.8	0.967401299691818
674	0.967421466970709
674.2	0.967446114990449
674.4	0.967475179268056
674.6	0.967508568465333
674.8	0.967546165194551
675	0.967587826981134
675.2	0.967633387376367
675.4	0.967682657212383
675.6	0.96773542599075
675.8	0.967791463395455
676	0.967850520920252
676.2	0.967912333599808
676.4	0.967976621833483
676.6	0.968043093289947
676.8	0.968111444880492
677	0.968181364788416
677.2	0.968252534541445
677.4	0.968324631114016
677.6	0.96839732904586
677.8	0.968470302558366
678	0.968543227650726
678.2	0.968615784202399
678.4	0.968687658026922
678.6	0.968758542869095
678.8	0.968828142337882
679	0.968896171762339
679.2	0.968962359958531
679.4	0.969026450895984
679.6	0.969088205252922
679.8	0.969147401850158
680	0.969203838954608
680.2	0.969257335441197
680.4	0.969307731803057
680.6	0.969354891027078
680.8	0.969398699306484
681	0.969439066589372
681.2	0.969475926963449
681.4	0.969509238875361
681.6	0.969538985184222
681.8	0.969565173050328
682	0.969587833660976
682.2	0.969607021796659
682.4	0.969622815241924
682.6	0.96963531404644
682.8	0.969644639642466
683	0.969650933826403
683.2	0.969654357612446
683.4	0.969655089967609
683.6	0.969653326437849
683.8	0.969649277675666
684	0.969643167880239
684.2	0.969635233161426
684.4	0.96962571983943
684.6	0.969614882692028
684.8	0.969602983161608
685	0.969590287534135
685.2	0.969577065102211
685.4	0.969563586324323
685.6	0.96955012099208
685.8	0.969536936417001
686	0.969524295648173
686.2	0.969512455731454
686.4	0.969501666020707
686.6	0.969492166550861
686.8	0.969484186482077
687	0.969477942623703
687.2	0.969473638048023
687.4	0.9694714608024
687.6	0.969471582715265
687.8	0.969474158312515
688	0.969479323847875
688.2	0.969487196451217
688.4	0.969497873398479
688.6	0.969511431506571
688.8	0.969527926655544
689	0.969547393439999
689.2	0.969569844950544
689.4	0.969595272685801
689.6	0.969623646594697
689.8	0.969654915247822
690	0.969689006136464
690.2	0.969725826035113
690.4	0.969765261363179
690.6	0.969807179034929
690.8	0.969851427300841
691	0.969897836637142
691.2	0.969946220739873
691.4	0.969996377617546
691.6	0.970048090776046
691.8	0.970101130488975
692	0.970155255145922
692.2	0.970210212671083
692.4	0.970265742003866
692.6	0.970321574633028
692.8	0.970377436175449
693	0.970433047990355
693.2	0.970488128819506
693.4	0.97054239644393
693.6	0.970595569347273
693.8	0.970647368375994
694	0.970697518386665
694.2	0.970745749870329
694.4	0.970791800544393
694.6	0.97083541690238
694.8	0.970876355712273
695	0.970914385454225
695.2	0.970949287689163
695.4	0.970980858349765
695.6	0.971008908946182
695.8	0.971033267679052
696	0.971053780453211
696.2	0.971070311786008
696.4	0.971082745604845
696.6	0.971090985929357
696.8	0.971094957433784
697	0.971094605885736
697.2	0.971089898465489
697.4	0.971080823957146
697.6	0.971067392811579
697.8	0.971049637082916
698	0.971027610239662
698.2	0.971001386852344
698.4	0.970971062160475
698.6	0.97093675152216
698.8	0.970898589750792
699	0.97085673034358
699.2	0.970811344607552
699.4	0.97076262068928
699.6	0.970710762514864
699.8	0.970655988647648
700	0.970598531071006
700.2	0.970538633918207
700.4	0.970476552171274
700.6	0.970412550227209
700.8	0.970346900450397
701	0.970279881706272
701.2	0.97021177787129
701.4	0.970142876327876
701.6	0.97007346645326
701.8	0.970003838110501
702	0.969934280150351
702.2	0.969865078931924
702.4	0.969796516870092
702.6	0.969728871017185
702.8	0.969662411686183
703	0.96959740112214
703.2	0.969534092228403
703.4	0.969472727353427
703.6	0.969413537143855
703.8	0.969356739468871
704	0.969302538420442
704.2	0.969251123393485
704.4	0.969202668249792
704.6	0.969157330568678
704.8	0.969115250987084
705	0.969076552631362
705.2	0.969041340642475
705.4	0.969009701795799
705.6	0.968981704216348
705.8	0.968957397189849
706	0.968936811069477
706.2	0.968919957277762
706.4	0.968906828402743
706.6	0.968897398387073
706.8	0.968891622810525
707	0.968889439261298
707.2	0.968890767787617
707.4	0.968895511436631
707.6	0.968903556874297
707.8	0.968914775082274
708	0.968929022127785
708.2	0.968946140002554
708.4	0.968965957526086
708.6	0.968988291308755
708.8	0.96901294676953
709	0.969039719203341
709.2	0.969068394892286
709.4	0.969098752255358
709.6	0.96913056303058
709.8	0.969163593483668
710	0.969197605637022
710.2	0.969232358561044
710.4	0.9692676097696
710.6	0.969303116327658
710.8	0.969338636050377
711	0.96937392873886
711.2	0.969408757398218
711.4	0.969442889431621
711.6	0.969476097804113
711.8	0.969508162170365
712	0.96953886996038
712.2	0.969568017417706
712.4	0.969595410584731
712.6	0.969620866230092
712.8	0.969644212713456
713	0.969665290783321
713.2	0.969683954303837
713.4	0.96970007090719
713.6	0.969713522568288
713.8	0.969724206099148
714	0.96973203356084
714.2	0.969736932591164
714.4	0.969738846647007
714.6	0.96973773516052
714.8	0.969733573609056
715	0.969726353499158
715.2	0.969716082265417
715.4	0.969702783085464
715.6	0.969686494613045
715.8	0.969667270631347
716	0.969645179629263
716.2	0.969620304303916
716.4	0.969592740992771
716.6	0.969562599039391
716.8	0.969530000097055
717	0.969495077373507
717.2	0.969457974822553
717.4	0.969418846291809
717.6	0.969377854626276
717.8	0.969335170734409
718	0.969290972622799
718.2	0.969245444404924
718.4	0.96919877528965
718.6	0.969151158555265
718.8	0.969102790514604
719	0.969053869476786
719.2	0.969004594711283
719.4	0.968955165419467
719.6	0.96890577971904
719.8	0.968856633646293
720	0.968807920181178
720.2	0.968759828194237
720.4	0.968712541214568
720.6	0.968666236866429
720.8	0.968621086134803
721	0.968577252568884
721.2	0.9685348915325
721.4	0.968494149504286
721.6	0.96845516343048
721.8	0.96841806013265
722	0.968382955772648
722.2	0.968349955376402
722.4	0.968319152418147
722.6	0.968290628466368
722.8	0.968264452892114
723	0.968240682640588
723.2	0.968219362066037
723.4	0.968200522830106
723.6	0.968184183863362
723.8	0.968170351389388
724	0.968159019010711
724.2	0.968150167855393
724.4	0.968143766783039
724.6	0.968139772648607
724.8	0.968138130622208
725	0.96813877456283
725.2	0.968141627443832
725.4	0.96814660182761
725.6	0.968153600386872
725.8	0.968162516469631
726	0.968173234704911
726.2	0.968185631645949
726.4	0.968199576447643
726.6	0.968214931574611
726.8	0.96823155353646
727	0.968249293646408
727.2	0.968267998799474
727.4	0.968287512266516
727.6	0.968307674500942
727.8	0.968328323951637
728	0.968349297879339
728.2	0.968370433173549
728.4	0.968391567165083
728.6	0.968412538430437
728.8	0.968433187583817
729	0.968453358053178
729.2	0.96847289683624
729.4	0.968491655233043
729.6	0.968509489551264
729.8	0.968526261781059
730	0.968541840236091
730.2	0.968556100332486
730.4	0.96856892567783
730.6	0.968580208068782
730.8	0.968589847793547
731	0.968597754062265
731.2	0.968603845388507
731.4	0.968608049920344
731.6	0.968610305719522
731.8	0.96861056098776
732	0.968608774239376
732.2	0.968604914419684
732.4	0.968598960969107
732.6	0.968590903832957
732.8	0.968580743417454
733	0.968568490492568
733.2	0.968554166042642
733.4	0.968537801066185
733.6	0.968519436326153
733.8	0.968499122052735
734	0.968476917600368
734.2	0.968452891061468
734.4	0.968427118839188
734.6	0.968399685181778
734.8	0.968370681681581
735	0.968340206741318
735.2	0.968308365011002
735.4	0.96827526679855
735.6	0.968241027457437
735.8	0.968205766754738
736	0.968169608222988
736.2	0.968132678499338
736.4	0.968095106655392
736.6	0.968057023521279
736.8	0.968018561007326
737	0.9679798514267
737.2	0.967941026822439
737.4	0.967902218302006
737.6	0.967863555382605
737.8	0.967825165350268
738	0.967787172635688
738.2	0.967749698209643
738.4	0.967712859002267
738.6	0.967676767344419
738.8	0.967641530434681
739	0.967607249837697
739.2	0.967574021014055
739.4	0.967541932883272
739.6	0.967511067421828
739.8	0.967481499297463
740	0.967453295541287
740.2	0.967426515038237
740.4	0.967401207616362
740.6	0.967377414499725
740.8	0.967355168361334
741	0.96733449319718
741.2	0.967315404241983
741.4	0.9672979079268
741.6	0.967282001878259
741.8	0.967267674959178
742	0.967254907350038
742.2	0.9672436706707
742.4	0.967233928141478
742.6	0.967225634782759
742.8	0.967218737651829
743	0.967213176115796
743.2	0.967208882159169
743.4	0.967205780724441
743.6	0.9672037900841
743.8	0.967202822242219
744	0.967202783363646
744.2	0.967203574228811
744.4	0.967205090711974
744.6	0.967207224280661
744.8	0.967209862513925
745	0.967212889637131
745.2	0.967216187070573
745.4	0.967219633989621
745.6	0.967223107893583
745.8	0.967226485180771
746	0.967229641727107
746.2	0.967232453465491
746.4	0.96723479696334
746.6	0.967236549995602
746.8	0.967237592110527
747	0.967237805185663
747.2	0.967237073971385
747.4	0.967235286619579
747.6	0.967232335194862
747.8	0.967228116166112
748	0.967222530876017
748.2	0.96721548598635
748.4	0.967206893897157
748.6	0.967196673137773
748.8	0.96718474872794
749	0.967171052507507
749.2	0.9671555234331
749.4	0.967138107840648
749.6	0.96711875967177
749.8	0.967097440663155
750	0.967074120500311
750.2	0.967048777195498
750.4	0.967021397950544
750.6	0.966991978413406
750.8	0.966960522419718
751	0.966927041957975
751.2	0.966891557097514
751.4	0.966854095879853
751.6	0.96681469417424
751.8	0.966773395498332
752	0.96673025080517
752.2	0.966685318237817
752.4	0.966638662852978
752.6	0.966590356315377
752.8	0.966540476564487
753	0.966489107455556
753.2	0.966436338376784
753.4	0.966382263844878
753.6	0.966326983080913
753.8	0.966270599568856
754	0.966213220598995
754.2	0.966154956798494
754.4	0.966095921651479
754.6	0.966036231011028
754.8	0.96597600260529
755	0.965915355540241
755.2	0.965854409801271
755.4	0.965793285755935
755.6	0.965732103660125
755.8	0.96567098316982
756	0.965610042860581
756.2	0.965549399756788
756.4	0.965489168872655
756.6	0.965429462766877
756.8	0.965370391112668
757	0.96531206028494
757.2	0.965254572966192
757.4	0.965198027772554
757.6	0.965142518901359
757.8	0.965088135801516
758	0.965034962867801
758.2	0.964983079160047
758.4	0.964932558148153
758.6	0.964883467483643
758.8	0.964835868798496
759	0.964789817531637
759.2	0.964745362783668
759.4	0.964702547199923
759.6	0.964661406882243
759.8	0.964621971329285
760	0.964584263405507
760.2	0.964548299099275
760.4	0.964514086830576
760.6	0.964481628222303
760.8	0.964450918420079
761	0.964421946197187
761.2	0.964394694085453
761.4	0.964369138536718
761.6	0.964345250106337
761.8	0.96432299365974
762	0.964302328601487
762.2	0.964283209125601
762.4	0.964265584486103
762.6	0.964249399286369
762.8	0.964234593786152
763	0.964221104224692
763.2	0.964208863158665
763.4	0.964197799813299
763.6	0.964187840445265
763.8	0.964178908715706
764	0.964170926071703
764.2	0.964163812134654
764.4	0.964157485093821
764.6	0.964151862103303
764.8	0.964146859680834
765	0.964142394106533
765.2	0.964138381820044
765.4	0.964134739814212
765.6	0.964131386023661
765.8	0.964128239706569
766	0.964125221818015
766.2	0.964122255373171
766.4	0.964119265798922
766.6	0.964116181272195
766.8	0.964112933043698
767	0.964109455745471
767.2	0.964105687681136
767.4	0.964101571097294
767.6	0.964097052435172
767.8	0.96409208256121
768	0.964086616975743
768.2	0.964080615998751
768.4	0.964074044932019
768.6	0.964066874196929
768.8	0.964059079447381
769	0.964050641657348
769.2	0.964041547182797
769.4	0.964031787797704
769.6	0.96402136070419
769.8	0.964010268516691
770	0.963998519220429
770.2	0.963986126063351
770.4	0.963973107340852
770.6	0.963959486402585
770.8	0.963945291553227
771	0.963930555889064
771.2	0.963915317112351
771.4	0.963899617324485
771.6	0.963883502798933
771.8	0.963867023735168
772	0.963850233994822
772.2	0.963833190821416
772.4	0.963815954544957
772.6	0.963798588272964
772.8	0.963781157569926
773	0.963763730126993
773.2	0.963746375419969
773.4	0.963729164360904
773.6	0.963712168944429
773.8	0.963695461889938
774	0.963679116281356
774.2	0.96366320520602
774.4	0.963647801394424
774.6	0.963632976862338
774.8	0.963618802556927
775	0.963605348008351
775.2	0.963592680988499
775.4	0.963580867178067
775.6	0.963569969843642
775.8	0.963560049525896
776	0.963551163740382
776.2	0.963543366691963
776.4	0.963536709004103
776.6	0.963531237464087
776.8	0.963526994785139
777	0.963524019386296
777.2	0.96352234519095
777.4	0.963522001444733
777.6	0.963523012553395
777.8	0.963525397941319
778	0.963529171931049
778.2	0.963534343644289
778.4	0.963540916924706
778.6	0.963548890282683
778.8	0.963558256862247
779	0.96356900443015
779.2	0.963581115387169
779.4	0.963594566801394
779.6	0.963609330463483
779.8	0.963625372963449
780	0.963642655788768
780.2	0.963661135809284
780.4	0.963680766514627
780.6	0.96370149707546
780.8	0.963723272155869
781	0.963746032110282
781.2	0.963769713198111
781.4	0.963794247815318
781.6	0.963819564742157
781.8	0.963845589406003
782	0.963872244158424
782.2	0.963899448565371
782.4	0.963927119709494
782.6	0.963955172503451
782.8	0.963983520012964
783	0.964012073788618
783.2	0.964040744204935
783.4	0.964069440805655
783.6	0.964098072653859
783.8	0.964126548685568
784	0.964154778065614
784.2	0.964182670544294
784.4	0.964210136813547
784.6	0.964237088861237
784.8	0.964263440322189
785	0.964289106823844
785.2	0.964314006324108
785.4	0.964338059447007
785.6	0.964361189808102
785.8	0.96438332432892
786	0.964404393540163
786.2	0.964424331872287
786.4	0.964443077932468
786.6	0.964460574766505
786.8	0.964476770104801
787	0.964491616591192
787.2	0.964505071993716
787.4	0.964517099396253
787.6	0.964527667370341
787.8	0.964536750126261
788	0.964544327642638
788.2	0.964550385774087
788.4	0.964554916336176
788.6	0.964557917167388
788.8	0.96455939216766
789	0.96455935131324
789.2	0.96455781064772
789.4	0.964554792249164
789.6	0.964550324173404
789.8	0.964544440373548
790	0.964537180596097
790.2	0.964528589974912
790.4	0.964518718044563
790.6	0.964507619405386
790.8	0.964495353809075
791	0.964481985944482
791.2	0.964467585203477
791.4	0.964452225427817
791.6	0.964435984637876
791.8	0.964418944744417
792	0.964401191244526
792.2	0.964382812902899
792.4	0.964363901419745
792.6	0.964344551086645
792.8	0.964324858431719
793	0.96430492185554
793.2	0.964284841259211
793.4	0.964264717666111
793.6	0.96424465283875
793.8	0.964224748892312
794	0.964205107906388
794.2	0.964185831536317
794.4	0.964167020625817
794.6	0.964148774822229
794.8	0.964131192195975
795	0.964114368865586
795.2	0.964098398629827
795.4	0.964083372608133
795.6	0.964069378890877
795.8	0.964056502200647
796	0.964044823565772
796.2	0.964034420007304
796.4	0.964025364240623
796.6	0.964017724392576
796.8	0.964011563735279
797	0.964006940437488
797.2	0.964003907334253
797.4	0.964002511715827
797.6	0.964002795136526
797.8	0.964004793245111
798	0.964008535634452
798.2	0.964014045712811
798.4	0.964021340597433
798.6	0.964030431030325
798.8	0.964041321316378
799	0.964054009284173
799.2	0.964068486269345
799.4	0.96408473712067
799.6	0.964102740228722
799.8	0.964122467576989
800	0.964143884815276
800.2	0.964166951358394
800.4	0.964191620513186
800.6	0.964217839606719
800.8	0.964245550141925
801	0.964274687976773
801.2	0.964305183523089
801.4	0.964336961964398
801.6	0.964369943491958
801.8	0.964404043558412
802	0.964439173148043
802.2	0.964475239062997
802.4	0.964512144224385
802.6	0.964549787987408
802.8	0.964588066469541
803	0.964626872890655
803.2	0.964666097924108
803.4	0.964705630057626
803.6	0.964745355962928
803.8	0.964785160872861
804	0.964824928964881
804.2	0.964864543749651
804.4	0.964903888463619
804.6	0.964942846464139
804.8	0.964981301626037
805	0.965019138738283
805.2	0.965056243899443
805.4	0.965092504910645
805.6	0.965127811664817
805.8	0.965162056530776
806	0.96519513473099
806.2	0.965226944711719
806.4	0.96525738850418
806.6	0.965286372075597
806.8	0.965313805668831
807	0.965339604129446
807.2	0.965363687218983
807.4	0.96538597991338
807.6	0.965406412685315
807.8	0.965424921769626
808	0.965441449410572
808.2	0.965455944090156
808.4	0.965468360736581
808.6	0.965478660911896
808.8	0.965486812978282
809	0.965492792242071
809.2	0.965496581075002
809.4	0.96549816901214
809.6	0.965497552825985
809.8	0.965494736576367
810	0.965489731635927
810.2	0.965482556720654
810.4	0.9654732379553
810.6	0.965461808734838
810.8	0.965448309619573
811	0.965432788238098
811.2	0.965415299165862
811.4	0.965395903778452
811.6	0.965374670081312
811.8	0.965351672516359
812	0.965326991746172
812.2	0.965300714416359
812.4	0.965272932897033
812.6	0.965243745004113
812.8	0.965213253701484
813	0.965181566784984
813.2	0.965148796549356
813.4	0.965115059439234
813.6	0.965080475685469
813.8	0.965045168927933
814	0.96500926582627
814.2	0.964972895659803
814.4	0.964936189918044
814.6	0.964899281883301
814.8	0.964862306206665
815	0.964825398479011
815.2	0.964788694798431
815.4	0.964752331335489
815.6	0.964716443898002
815.8	0.96468116749658
816	0.964646635912602
816.2	0.96461298126994
816.4	0.96458033361196
816.6	0.964548820485121
816.8	0.964518566530624
817	0.964489693085349
817.2	0.96446231779349
817.4	0.964436554229997
817.6	0.964412511537144
817.8	0.964390294075267
818	0.964370001088849
818.2	0.964351726388822
818.4	0.964335558052271
818.6	0.96432157814022
818.8	0.964309862434454
819	0.964300480194097
819.2	0.964293493932646
819.4	0.964288959216077
819.6	0.964286924482576
819.8	0.964287430884367
820	0.964290512152044
820.2	0.964296194419009
820.4	0.964304495943486
820.6	0.964315427230332
820.8	0.964328991050761
821	0.964345182422795
821.2	0.964363988615153
821.4	0.964385389174539
821.6	0.964409355976128
821.8	0.964435853297078
822	0.96446483791279
822.2	0.964496259215556
822.4	0.964530059355216
822.6	0.96456617340142
822.8	0.964604529526897
823	0.964645049211221
823.2	0.964687647464514
823.4	0.964732233070319
823.6	0.964778708847007
823.8	0.964826971926968
824	0.96487691405281
824.2	0.96492842189316
824.4	0.964981377371619
824.6	0.965035658004546
824.8	0.965091137255743
825	0.965147684903888
825.2	0.965205167421336
825.4	0.965263448363082
825.6	0.96532238876508
825.8	0.965381847550573
826	0.965441681943405
826.2	0.965501747887193
826.4	0.965561900469093
826.6	0.96562199434708
826.8	0.965681884179405
827	0.965741425055173
827.2	0.965800472924726
827.4	0.965858885028473
827.6	0.965916520323295
827.8	0.965973239904822
828	0.966028907424731
828.2	0.966083389501646
828.4	0.966136556124398
828.6	0.96618828104657
828.8	0.966238442171
829	0.966286921923116
829.2	0.966333607611994
829.4	0.966378391777892
829.6	0.966421172525315
829.8	0.966461853840398
830	0.966500345891672
830.2	0.966536565605775
830.4	0.966570437809688
830.6	0.966601894598349
830.8	0.966630875266906
831	0.966657326514351
831.2	0.966681202625428
831.4	0.966702465630009
831.6	0.966721085439427
831.8	0.966737039959247
832	0.966750315177924
832.2	0.966760905231123
832.4	0.966768812441302
832.6	0.966774047332301
832.8	0.96677662861894
833	0.966776583171394
833.2	0.966773945954528
833.4	0.96676875994217
833.6	0.966761076006626
833.8	0.966750952783626
834	0.966738456513107
834.2	0.966723660856286
834.4	0.966706646689528
834.6	0.966687501875616
834.8	0.966666321013109
835	0.96664320516458
835.2	0.966618261564514
835.4	0.966591603307835
835.6	0.966563349019955
835.8	0.966533622509449
836	0.966502552404451
836.2	0.966470271773834
836.4	0.966436917734473
836.6	0.966402631045801
836.8	0.966367555692902
837	0.966331838459574
837.2	0.966295628492526
837.4	0.9662590768583
837.6	0.966222336094196
837.8	0.966185559754602
838	0.966148901954214
838.2	0.966112516909555
838.4	0.966076558480176
838.6	0.966041179710891
838.8	0.966006532376568
839	0.965972766530786
839.2	0.965940030059855
839.4	0.965908468243437
839.6	0.965878223323147
839.8	0.965849434080403
840	0.965822235424733
840.2	0.965796757533017
840.4	0.965773124080079
840.6	0.965751453247927
840.8	0.965731857828329
841	0.96571444488054
841.2	0.965699315406021
841.4	0.965686564040985
841.6	0.965676278767615
841.8	0.965668540644708
842	0.96566342355848
842.2	0.965660993994156
842.4	0.965661310828891
842.6	0.965664425146609
842.8	0.965670380075127
843	0.965679210645997
843.2	0.965690943677362
843.4	0.965705597680082
843.6	0.965723182787294
843.8	0.965743700707598
844	0.965767144701804
844.2	0.965793499583373
844.4	0.965822741742394
844.6	0.965854839193
844.8	0.965889751644045
845	0.965927430592796
845.2	0.965967819441288
845.4	0.966010853635137
845.6	0.966056460824193
845.8	0.966104561044721
846	0.966155066922568
846.2	0.96620788389672
846.4	0.966262910462671
846.6	0.966320038434922
846.8	0.966379153227941
847	0.966440134154818
847.2	0.966502854742826
847.4	0.966567183065095
847.6	0.966632982087479
847.8	0.966700110029813
848	0.966768420740495
848.2	0.966837764083544
848.4	0.966907986337086
848.6	0.966978930602226
848.8	0.967050437221293
849	0.967122344204351
849.2	0.967194487662879
849.4	0.967266702249483
849.6	0.967338821602542
849.8	0.967410678794591
850	0.967482106783202
850.2	0.967552939218569
850.4	0.967623011961666
850.6	0.967692162470567
850.8	0.967760229894508
851	0.967827055519673
851.2	0.967892483210268
851.4	0.967956359843773
851.6	0.968018535739094
851.8	0.96807886507648
852	0.968137206307943
852.2	0.968193422557125
852.4	0.968247382007421
852.6	0.968298958277387
852.8	0.968348030781801
853	0.968394485077859
853.2	0.968438213195348
853.4	0.968479113949791
853.6	0.968517093237557
853.8	0.968552064312083
854	0.968583948040299
854.2	0.968612673138445
854.4	0.968638176386579
854.6	0.968660402820941
854.8	0.968679305903698
855	0.968694847669351
855.2	0.968706998847338
855.4	0.968715738960396
855.6	0.96872105639828
855.8	0.968722948466537
856	0.968721421410131
856.2	0.9687164904117
856.4	0.968708179564384
856.6	0.96869652181931
856.8	0.968681558907661
857	0.968663341237547
857.2	0.968641927766026
857.4	0.968617385846327
857.6	0.96858979105094
857.8	0.968559226970854
858	0.968525784991574
858.2	0.968489564046514
858.4	0.9684506703484
858.6	0.968409217099602
858.8	0.968365324181981
859	0.968319117827414
859.2	0.968270730269693
859.4	0.968220299379043
859.6	0.968167968280148
859.8	0.968113884954924
860	0.968058201831132
860.2	0.968001075286174
860.4	0.967942664995457
860.6	0.967883133701793
860.8	0.967822646831918
861	0.967761372033295
861.2	0.967699478704612
861.4	0.967637137521206
861.6	0.967574519956935
861.8	0.967511797803756
862	0.967449142690551
862.2	0.967386725602451
862.4	0.9673247164021
862.6	0.967263283354304
862.8	0.967202592655239
863	0.967142807967783
863.2	0.96708408996406
863.4	0.967026595876621
863.6	0.966970479059527
863.8	0.966915888560368
864	0.966862968704672
864.2	0.966811858693558
864.4	0.966762692215966
864.6	0.966715597076341
864.8	0.96667069483882
865	0.966628100488915
865.2	0.966587922113527
865.4	0.966550260600134
865.6	0.966515209355934
865.8	0.966482854047702
866	0.966453272362969
866.2	0.966426533793165
866.4	0.966402699439244
866.6	0.966381821840293
866.8	0.966363944825541
867	0.966349103390071
867.2	0.966337323594659
867.4	0.966328622489789
867.6	0.966323008064297
867.8	0.966320479218607
868	0.966321025762396
868.2	0.966324628436905
868.4	0.966331258961679
868.6	0.966340880105765
868.8	0.966353445783037
869	0.966368901171442
869.2	0.966387182855974
869.4	0.966408218994723
869.6	0.966431929507919
869.8	0.966458226289235
870	0.96648701343895
870.2	0.966518187510219
870.4	0.96655163775962
870.6	0.966587246466514
870.8	0.966624889255329
871	0.966664435428054
871.2	0.966705748314367
871.4	0.966748685638456
871.6	0.966793099901633
871.8	0.96683883877978
872	0.966885745534665
872.2	0.966933659438062
872.4	0.966982416207637
872.6	0.967031848453414
872.8	0.967081786133846
873	0.967132057020142
873.2	0.967182487167831
873.4	0.967232901394185
873.6	0.967283123760385
873.8	0.967332978057159
874	0.967382288292503
874.2	0.967430879180334
874.4	0.967478576628728
874.6	0.967525208226351
874.8	0.967570603725919
875	0.967614595523217
875.2	0.967657019130477
875.4	0.967697713642725
875.6	0.967736522195829
875.8	0.967773292414975
876	0.967807876852232
876.2	0.967840133412003
876.4	0.967869925763136
876.6	0.967897123736403
876.8	0.967921603706282
877	0.967943248955817
877.2	0.967961950023488
877.4	0.967977605031025
877.6	0.967990119991115
877.8	0.967999409094072
878	0.968005394972571
878.2	0.968008008943504
878.4	0.968007191226238
878.6	0.968002891136486
878.8	0.967995067255178
879	0.967983687571622
879.2	0.967968729600526
879.4	0.967950180472384
879.6	0.967928036996782
879.8	0.96790230569842
880	0.967873002825513
880.2	0.967840154199636
880.4	0.967803794775989
880.6	0.967763968961283
880.8	0.967720730642033
881	0.967674143054554
881.2	0.967624278627571
881.4	0.967571218798045
881.6	0.967515053800367
881.8	0.967455882429654
882	0.967393811779547
882.2	0.967328956955258
882.4	0.967261440762602
882.6	0.967191393373711
882.8	0.967118951970694
883	0.967044260368062
883.2	0.966967468613833
883.4	0.966888732571591
883.6	0.966808213484286
883.8	0.96672607752093
884	0.966642495307447
884.2	0.966557641442872
884.4	0.966471694002292
884.6	0.966384834027753
884.8	0.966297245008609
885	0.966209112352751
885.2	0.966120622849976
885.4	0.966031964129131
885.6	0.965943324110423
885.8	0.965854890454333
886	0.965766850008704
886.2	0.965679388255431
886.4	0.965592688758264
886.6	0.965506932613216
886.8	0.965422297903019
887	0.965338959157131
887.2	0.965257086818739
887.4	0.965176846720123
887.6	0.965098399567887
887.8	0.965021900439349
888	0.964947498291473
888.2	0.964875335483721
888.4	0.964805547315953
888.6	0.964738261582837
888.8	0.964673598145763
889	0.964611668523603
889.2	0.964552575503314
889.4	0.964496412771568
889.6	0.964443264568339
889.8	0.964393205363463
890	0.964346299557223
890.2	0.964302601361264
890.4	0.964262155016631
890.6	0.964224994103885
890.8	0.964191141191807
891	0.964160607669623
891.2	0.964133393607558
891.4	0.964109487646276
891.6	0.964088866915752
891.8	0.964071496983813
892	0.964057331834947
892.2	0.964046313879463
892.4	0.964038373993315
892.6	0.964033431588758
892.8	0.964031394715893
893	0.964032160195122
893.2	0.964035613780558
893.4	0.964041630354104
893.6	0.964050074150201
893.8	0.964060799010917
894	0.964073648670988
894.2	0.964088457072517
894.4	0.964105048708857
894.6	0.964123238997018
894.8	0.964142834678132
895	0.964163634245183
895.2	0.964185428397279
895.4	0.964208000519647
895.6	0.964231127188347
895.8	0.964254578698831
896	0.964278119617216
896.2	0.964301509353142
896.4	0.964324502753034
896.6	0.964346850712453
896.8	0.964368300806206
897	0.964388597934787
897.2	0.964407484985717
897.4	0.964424703508082
897.6	0.964439994398891
897.8	0.96445309859934
898	0.964463757799448
898.2	0.964471715149132
898.4	0.964476715974047
898.6	0.964478508494141
898.8	0.964476844543006
899	0.96447148028608
899.2	0.964462176936369
899.4	0.964448701464818
899.6	0.964430827303618
899.8	0.964408335040386
900	0.964381013101263