Theoretical Spectrum of Semrock FF495-Di03 Optical Filter
The spectrum described by the following ASCII data represents a typical optical filter design for this product.
However, note that from time to time Semrock makes minor modifications to its optical filter designs for purposes such as improved
manufacturability that do not affect the ability for the filter to meet its stated specifications.
User Specifications:
Starting Wavelength: 200(nm)
Ending Wavelength: 900(nm)
AOI: 45
CHA: 
Polarization: Avg
Plot Type: Transmission
 
Data format:  Wavelength (nm) <tab> Transmission (0 to 1)
200	1e-07
200.2	1e-07
200.4	1e-07
200.6	1e-07
200.8	1e-07
201	1e-07
201.2	1e-07
201.4	1e-07
201.6	1e-07
201.8	1e-07
202	1e-07
202.2	1e-07
202.4	1e-07
202.6	1e-07
202.8	1e-07
203	1e-07
203.2	1e-07
203.4	1e-07
203.6	1e-07
203.8	1e-07
204	1e-07
204.2	1e-07
204.4	1e-07
204.6	1e-07
204.8	1e-07
205	1e-07
205.2	1e-07
205.4	1e-07
205.6	1e-07
205.8	1e-07
206	1e-07
206.2	1e-07
206.4	1e-07
206.6	1e-07
206.8	1e-07
207	1e-07
207.2	1e-07
207.4	1e-07
207.6	1e-07
207.8	1e-07
208	1e-07
208.2	1e-07
208.4	1e-07
208.6	1e-07
208.8	1e-07
209	1e-07
209.2	1e-07
209.4	1e-07
209.6	1e-07
209.8	1e-07
210	1e-07
210.2	1e-07
210.4	1e-07
210.6	1e-07
210.8	1e-07
211	1e-07
211.2	1e-07
211.4	1e-07
211.6	1e-07
211.8	1e-07
212	1e-07
212.2	1e-07
212.4	1e-07
212.6	1e-07
212.8	1e-07
213	1e-07
213.2	1e-07
213.4	1e-07
213.6	1e-07
213.8	1e-07
214	1e-07
214.2	1e-07
214.4	1e-07
214.6	1e-07
214.8	1e-07
215	1e-07
215.2	1e-07
215.4	1e-07
215.6	1e-07
215.8	1e-07
216	1e-07
216.2	1e-07
216.4	1e-07
216.6	1e-07
216.8	1e-07
217	1e-07
217.2	1e-07
217.4	1e-07
217.6	1e-07
217.8	1e-07
218	1e-07
218.2	1e-07
218.4	1e-07
218.6	1e-07
218.8	1e-07
219	1e-07
219.2	1e-07
219.4	1e-07
219.6	1e-07
219.8	1e-07
220	1e-07
220.2	1e-07
220.4	1e-07
220.6	1e-07
220.8	1e-07
221	1e-07
221.2	1e-07
221.4	1e-07
221.6	1e-07
221.8	1e-07
222	1e-07
222.2	1e-07
222.4	1e-07
222.6	1e-07
222.8	1e-07
223	1e-07
223.2	1e-07
223.4	1e-07
223.6	1e-07
223.8	1e-07
224	1e-07
224.2	1e-07
224.4	1e-07
224.6	1e-07
224.8	1e-07
225	1e-07
225.2	1e-07
225.4	1e-07
225.6	1e-07
225.8	1e-07
226	1e-07
226.2	1e-07
226.4	1e-07
226.6	1e-07
226.8	1e-07
227	1e-07
227.2	1e-07
227.4	1e-07
227.6	1e-07
227.8	1e-07
228	1e-07
228.2	1e-07
228.4	1e-07
228.6	1e-07
228.8	1e-07
229	1e-07
229.2	1e-07
229.4	1e-07
229.6	1e-07
229.8	1e-07
230	1e-07
230.2	1e-07
230.4	1e-07
230.6	1e-07
230.8	1e-07
231	1e-07
231.2	1e-07
231.4	1e-07
231.6	1e-07
231.8	1e-07
232	1e-07
232.2	1e-07
232.4	1e-07
232.6	1e-07
232.8	1e-07
233	1e-07
233.2	1e-07
233.4	1e-07
233.6	1e-07
233.8	1e-07
234	1e-07
234.2	1e-07
234.4	1e-07
234.6	1e-07
234.8	1e-07
235	1e-07
235.2	1e-07
235.4	1e-07
235.6	1e-07
235.8	1e-07
236	1e-07
236.2	1e-07
236.4	1e-07
236.6	1e-07
236.8	1e-07
237	1e-07
237.2	1e-07
237.4	1e-07
237.6	1e-07
237.8	1e-07
238	1e-07
238.2	1e-07
238.4	1e-07
238.6	1e-07
238.8	1e-07
239	1e-07
239.2	1e-07
239.4	1e-07
239.6	1e-07
239.8	1e-07
240	1e-07
240.2	1e-07
240.4	1e-07
240.6	1e-07
240.8	1e-07
241	1e-07
241.2	1e-07
241.4	1e-07
241.6	1e-07
241.8	1e-07
242	1e-07
242.2	1e-07
242.4	1e-07
242.6	1e-07
242.8	1e-07
243	1e-07
243.2	1e-07
243.4	1e-07
243.6	1e-07
243.8	1e-07
244	1e-07
244.2	1e-07
244.4	1e-07
244.6	1e-07
244.8	1e-07
245	1e-07
245.2	1e-07
245.4	1e-07
245.6	1e-07
245.8	1e-07
246	1e-07
246.2	1e-07
246.4	1e-07
246.6	1e-07
246.8	1e-07
247	1e-07
247.2	1e-07
247.4	1e-07
247.6	1e-07
247.8	1e-07
248	1e-07
248.2	1e-07
248.4	1e-07
248.6	1e-07
248.8	1e-07
249	1e-07
249.2	1e-07
249.4	1e-07
249.6	1e-07
249.8	1e-07
250	1e-07
250.2	1e-07
250.4	1e-07
250.6	1e-07
250.8	1e-07
251	1e-07
251.2	1e-07
251.4	1e-07
251.6	1e-07
251.8	1e-07
252	1e-07
252.2	1e-07
252.4	1e-07
252.6	1e-07
252.8	1e-07
253	1e-07
253.2	1e-07
253.4	1e-07
253.6	1e-07
253.8	1e-07
254	1e-07
254.2	1e-07
254.4	1e-07
254.6	1e-07
254.8	1e-07
255	1e-07
255.2	1e-07
255.4	1e-07
255.6	1e-07
255.8	1e-07
256	1e-07
256.2	1e-07
256.4	1e-07
256.6	1e-07
256.8	1e-07
257	1e-07
257.2	1e-07
257.4	1e-07
257.6	1e-07
257.8	1e-07
258	1e-07
258.2	1e-07
258.4	1e-07
258.6	1e-07
258.8	1e-07
259	1e-07
259.2	1e-07
259.4	1e-07
259.6	1e-07
259.8	1e-07
260	1e-07
260.2	1e-07
260.4	1e-07
260.6	1e-07
260.8	1e-07
261	1e-07
261.2	1e-07
261.4	1e-07
261.6	1e-07
261.8	1e-07
262	1e-07
262.2	1e-07
262.4	1e-07
262.6	1e-07
262.8	1e-07
263	1e-07
263.2	1e-07
263.4	1e-07
263.6	1e-07
263.8	1e-07
264	1e-07
264.2	1e-07
264.4	1e-07
264.6	1e-07
264.8	1e-07
265	1e-07
265.2	1e-07
265.4	1e-07
265.6	1e-07
265.8	1e-07
266	1e-07
266.2	1e-07
266.4	1e-07
266.6	1e-07
266.8	1e-07
267	1e-07
267.2	1e-07
267.4	1e-07
267.6	1e-07
267.8	1e-07
268	1e-07
268.2	1e-07
268.4	1e-07
268.6	1e-07
268.8	1e-07
269	1e-07
269.2	1e-07
269.4	1e-07
269.6	1e-07
269.8	1e-07
270	1e-07
270.2	1e-07
270.4	1e-07
270.6	1e-07
270.8	1e-07
271	1e-07
271.2	1e-07
271.4	1e-07
271.6	1e-07
271.8	1e-07
272	1e-07
272.2	1e-07
272.4	1e-07
272.6	1e-07
272.8	1e-07
273	1e-07
273.2	1e-07
273.4	1e-07
273.6	1e-07
273.8	1e-07
274	1e-07
274.2	1e-07
274.4	1e-07
274.6	1e-07
274.8	1e-07
275	1e-07
275.2	1e-07
275.4	1e-07
275.6	1e-07
275.8	1e-07
276	1e-07
276.2	1e-07
276.4	1e-07
276.6	1e-07
276.8	1e-07
277	1e-07
277.2	1e-07
277.4	1e-07
277.6	1e-07
277.8	1.07441163956201e-07
278	1.50074182604984e-07
278.2	2.11820743478643e-07
278.4	3.0234239078661e-07
278.6	4.36483806471134e-07
278.8	6.36918986546348e-07
279	9.37894967151396e-07
279.2	1.39028806960922e-06
279.4	2.06802203249819e-06
279.6	3.07560458056157e-06
279.8	4.55620936114025e-06
280	6.69964952245474e-06
280.2	9.75014493716957e-06
280.4	1.40147330362434e-05
280.6	1.98729274312759e-05
280.8	2.77847276298568e-05
281	3.82873574894567e-05
281.2	5.19666631821942e-05
281.4	6.93945358814953e-05
281.6	9.10409009934691e-05
281.8	0.000117187062781593
282	0.00014787013869558
282.2	0.000182876644831458
282.4	0.000221796274119256
282.6	0.000264147912583609
282.8	0.000309557346334534
283	0.000357888558540268
283.2	0.000409197942375584
283.4	0.000463492056502316
283.6	0.00052048863092956
283.8	0.00057971610254341
284	0.00064114556898257
284.2	0.000706130861452971
284.4	0.000778084126666863
284.6	0.00086245156066965
284.8	0.00096599851625645
285	0.00109560535835292
285.2	0.00125664925578693
285.4	0.00145115115455081
285.6	0.00167665049217322
285.8	0.00192763003573179
286	0.00220037138591034
286.2	0.00249895792194741
286.4	0.0028383393662869
286.6	0.00324268694040486
286.8	0.00374037761940091
287	0.00435695338172757
287.2	0.00510603915430275
287.4	0.00597844347910744
287.6	0.00693409354308622
287.8	0.0079073499784395
288	0.00883327167391388
288.2	0.00968410707675469
288.4	0.0104901270698812
288.6	0.0113314506452809
288.8	0.0123127082946945
289	0.0135398299504602
289.2	0.0151041813890445
289.4	0.0170656437771935
289.6	0.0194264579189464
289.8	0.0221029033050745
290	0.0249271172916526
290.2	0.027717359639999
290.4	0.0304019664776811
290.6	0.0331057098911084
290.8	0.036123705031175
291	0.0398119040786306
291.2	0.0444569110476268
291.4	0.0501355375223471
291.6	0.0565778022381827
291.8	0.0631734389727547
292	0.0692898307809807
292.2	0.0746798467647344
292.4	0.0794928888233774
292.6	0.0838828764466635
292.8	0.0876508865288097
293	0.09027276402316
293.2	0.0913239347616732
293.4	0.0909084395599301
293.6	0.0897163184712836
293.8	0.0887577295522425
294	0.0890092858392103
294.2	0.0911270252748132
294.4	0.0952150719001358
294.6	0.100584056370715
294.8	0.105683917927002
295	0.108599653865003
295.2	0.107939451361285
295.4	0.103508681622974
295.6	0.0965362243857269
295.8	0.0891209991803319
296	0.0831960976533809
296.2	0.0800067062549316
296.4	0.0802391552245731
296.6	0.0841912934869262
296.8	0.0913953500797504
297	0.0997636772168834
297.2	0.106398943303992
297.4	0.110178726848807
297.6	0.110106608897959
297.8	0.104220076078855
298	0.0938715691489218
298.2	0.0838343931924517
298.4	0.0782257801001493
298.6	0.0794973086595564
298.8	0.0892556860915602
299	0.106054694074809
299.2	0.122049506173318
299.4	0.133689567967578
299.6	0.144492073202987
299.8	0.149517672159434
300	0.153877462366199
300.2	0.158692539091045
300.4	0.148567676170977
300.6	0.128258607252464
300.8	0.10925395651561
301	0.0946615967903633
301.2	0.082470237586093
301.4	0.0702814957439962
301.6	0.0580957103030087
301.8	0.0472427029972744
302	0.037170808729327
302.2	0.0315439093797072
302.4	0.0300858260091169
302.6	0.0332515866701736
302.8	0.0440279802752498
303	0.0642628771620744
303.2	0.0538407640150544
303.4	0.0208422804185847
303.6	0.00796802692653894
303.8	0.00362709751225572
304	0.00191751211192042
304.2	0.00113833284831149
304.4	0.000741395516744933
304.6	0.000521826236054462
304.8	0.000393080957082966
305	0.000314987583127212
305.2	0.000267620212181575
305.4	0.000240836979122292
305.6	0.000229873551149002
305.8	0.000233710380615613
306	0.000255441419986574
306.2	0.00030686839419074
306.4	0.000428915139945448
306.6	0.000572622592575586
306.8	0.000921892332234155
307	0.00163716890262015
307.2	0.00182208707366847
307.4	0.000963817224156236
307.6	0.000462889306093697
307.8	0.000254144427016954
308	0.000158580807437366
308.2	0.000109305981353385
308.4	8.14437832206736e-05
308.6	6.46394686519414e-05
308.8	5.41021320637291e-05
309	4.74236680186847e-05
309.2	4.33230144923631e-05
309.4	4.11036320776495e-05
309.6	4.0403635911867e-05
309.8	4.10787962664275e-05
310	4.31539135487748e-05
310.2	4.68171745423094e-05
310.4	5.2451471224271e-05
310.6	6.071057465178e-05
310.8	7.26645518617942e-05
311	9.00669347841116e-05
311.2	0.000115852781713473
311.4	0.000155101165683631
311.6	0.000216988753512709
311.8	0.000319005912631911
312	0.000496790951759067
312.2	0.000829604422031462
312.4	0.00151797936185669
312.6	0.00321049007491284
312.8	0.00759331715378779
313	0.0190962801532032
313.2	0.0650736585881935
313.4	0.134399100956329
313.6	0.0937152638992279
313.8	0.0664435367451573
314	0.0598321648650156
314.2	0.0644709730761336
314.4	0.0772323878324272
314.6	0.0932864743606741
314.8	0.101093018633727
315	0.0939498495110897
315.2	0.0805868208460716
315.4	0.0703396526175318
315.6	0.0663936295235863
315.8	0.0705042821823078
316	0.0878307444217799
316.2	0.126711703456771
316.4	0.176824883112142
316.6	0.235034902834492
316.8	0.312875995325577
317	0.378178062357705
317.2	0.428800510345983
317.4	0.46293298080842
317.6	0.374221483040546
317.8	0.278733850828549
318	0.234009720484464
318.2	0.228107084020477
318.4	0.256298396985614
318.6	0.324305864130466
318.8	0.422209076273142
319	0.472453034641342
319.2	0.457470332902906
319.4	0.453408601867356
319.6	0.439825452219011
319.8	0.3896385950952
320	0.339738527705488
320.2	0.324177180714245
320.4	0.356405679219468
320.6	0.408327664340968
320.8	0.360271792084945
321	0.265662391184662
321.2	0.222028532026449
321.4	0.220741442075514
321.6	0.248982468588341
321.8	0.301672492167191
322	0.368589324310095
322.2	0.421801263470994
322.4	0.431219908695768
322.6	0.403895099543729
322.8	0.37443751795796
323	0.367011811298469
323.2	0.36056086471929
323.4	0.317160330665625
323.6	0.284947613934866
323.8	0.28015635568621
324	0.294720276040032
324.2	0.322112413215242
324.4	0.355678010491154
324.6	0.386320183266135
324.8	0.404833789264912
325	0.407897792852154
325.2	0.400614873143072
325.4	0.392397187271788
325.6	0.392259698773835
325.8	0.408103837254487
326	0.445109429315563
326.2	0.479997089006622
326.4	0.482076730707573
326.6	0.475366928648932
326.8	0.453568974994367
327	0.407850149459302
327.2	0.347975141564862
327.4	0.289894881460521
327.6	0.243031669192419
327.8	0.209540446626245
328	0.188346292640709
328.2	0.178095573615181
328.4	0.178664694239163
328.6	0.192530899727146
328.8	0.226907425371288
329	0.283665418554359
329.2	0.311545481025338
329.4	0.324362495833707
329.6	0.353311884191258
329.8	0.368993417624051
330	0.345319537734504
330.2	0.291430463210407
330.4	0.234444356430158
330.6	0.189667479936677
330.8	0.159516588098186
331	0.142238424522209
331.2	0.136759000153191
331.4	0.143685856113906
331.6	0.155394736318688
331.8	0.15076634328046
332	0.149294285893161
332.2	0.165136214527389
332.4	0.198540177405578
332.6	0.24990794239425
332.8	0.312231751999871
333	0.357002349711053
333.2	0.348695421562324
333.4	0.295426607959705
333.6	0.235167427702523
333.8	0.188473276582253
334	0.15758726953893
334.2	0.139437438571522
334.4	0.131233975673281
334.6	0.131607636968635
334.8	0.140475163697858
335	0.158133289944262
335.2	0.183956227646929
335.4	0.215579913657686
335.6	0.239786697388103
335.8	0.23068934956981
336	0.185856493046597
336.2	0.134364329540788
336.4	0.0950888996423693
336.6	0.0692121116905211
336.8	0.0527940754177732
337	0.0423991064000891
337.2	0.0358392037936982
337.4	0.0318375403391991
337.6	0.0296851647304046
337.8	0.0290317606689528
338	0.0297795911336497
338.2	0.0320416551281374
338.4	0.0361244505455172
338.6	0.0424408245136049
338.8	0.0510374980867143
339	0.0600671791111877
339.2	0.0642435688590295
339.4	0.0590324674159107
339.6	0.0471570941803289
339.8	0.0349588858310145
340	0.0256106174932627
340.2	0.0192036860870409
340.4	0.0149490825243854
340.6	0.0121293662860789
340.8	0.0102574395968935
341	0.00902969628359153
341.2	0.00826360296844679
341.4	0.00785457468010954
341.6	0.00775102883408517
341.8	0.00794228056728165
342	0.00845567322957107
342.2	0.00936116746952186
342.4	0.0107814036840582
342.6	0.0128979320742653
342.8	0.0159097571559398
343	0.0197779526393364
343.2	0.023472268414524
343.4	0.0248096446037563
343.6	0.0228689586080201
343.8	0.0189610296109947
344	0.0149129538939684
344.2	0.0116561807747654
344.4	0.00930376704382849
344.6	0.00767740702451109
344.8	0.00657920249543842
345	0.00586231106734092
345.2	0.00543303722744029
345.4	0.00524062146744232
345.6	0.00527122242496625
345.8	0.00555223604350608
346	0.00617682626220421
346.2	0.00737412695433095
346.4	0.00962008472826039
346.6	0.0128605782452771
346.8	0.0139826098646943
347	0.0143537011912941
347.2	0.0166397636713635
347.4	0.0203061201209627
347.6	0.0235881232370671
347.8	0.0240839904616317
348	0.0213675444353024
348.2	0.0174384965111769
348.4	0.0139733162230918
348.6	0.0114402319678682
348.8	0.00974761104149389
349	0.00871238019736066
349.2	0.00820529114825498
349.4	0.00816503994293688
349.6	0.00851562343616919
349.8	0.00895888730276928
350	0.00932947545963019
350.2	0.0101396198003228
350.4	0.0118313650188894
350.6	0.0147159883400643
350.8	0.0191258556147799
351	0.0248645136306536
351.2	0.0296286517793084
351.4	0.0292772478026745
351.6	0.0238535810171627
351.8	0.0176276116925811
352	0.0129069071480977
352.2	0.00976617552311197
352.4	0.00774004674713719
352.6	0.00643794129537118
352.8	0.00561148660660693
353	0.00511516111584806
353.2	0.00486903964981937
353.4	0.00483648945396828
353.6	0.00501275768823429
353.8	0.0054170361318761
354	0.00607390365319796
354.2	0.00698792201344268
354.4	0.00818625312085795
354.6	0.00967665751317389
354.8	0.0111205295878598
355	0.0116759167286993
355.2	0.0106953307663587
355.4	0.00866675183492057
355.6	0.00657905468829416
355.8	0.00493180874214107
356	0.00376160613959834
356.2	0.00295665472874518
356.4	0.00240439202486366
356.6	0.00202339984010951
356.8	0.00176017193054254
357	0.00158068363635906
357.2	0.00146373542689188
357.4	0.00139668517477986
357.6	0.00137300979043986
357.8	0.00139121063611849
358	0.00145489188966687
358.2	0.00157421269702706
358.4	0.00176898615699514
358.6	0.00206961709847562
358.8	0.00248557236406884
359	0.00292856481187908
359.2	0.0033890393603881
359.4	0.00400275744591026
359.6	0.00473479029258268
359.8	0.00533340151546387
360	0.00545548955181711
360.2	0.00499758051379383
360.4	0.00421829339879454
360.6	0.00343037484587562
360.8	0.00278391497103033
361	0.00230079788762831
361.2	0.00195587428029006
361.4	0.00171877258040952
361.6	0.00156755141677084
361.8	0.00149303014673821
362	0.0015030210887115
362.2	0.00161131172589728
362.4	0.00169373945259878
362.6	0.00158990123441644
362.8	0.00153989383344728
363	0.00161312792608217
363.2	0.00179329581958175
363.4	0.00209278763534447
363.6	0.00255747438012409
363.8	0.0032757246268029
364	0.00439795037815499
364.2	0.00613684634076146
364.4	0.00858790103262298
364.6	0.0109885130666263
364.8	0.011315051585432
365	0.00918477341556803
365.2	0.00660362839205643
365.4	0.00467860865724662
365.6	0.00341930278169211
365.8	0.00260769154655746
366	0.00207368029509911
366.2	0.00171237775535677
366.4	0.00146170689123904
366.6	0.00128454353909851
366.8	0.00115811553500964
367	0.00106806070962478
367.2	0.00100509180955639
367.4	0.000963089606117845
367.6	0.000937988020128987
367.8	0.000927113251713775
368	0.000928790245410582
368.2	0.000942092999621611
368.4	0.000966597647122229
368.6	0.0010018680788315
368.8	0.00104624451749175
369	0.00109512418700189
369.2	0.00114163698331852
369.4	0.00118265422653243
369.6	0.00122288196075735
369.8	0.001270210005199
370	0.00133078256803769
370.2	0.00140899730204776
370.4	0.00150924749765214
370.6	0.00163725754231884
370.8	0.00180098405415078
371	0.00201142420042965
371.2	0.0022834424290262
371.4	0.00263631562343844
371.6	0.003092827945789
371.8	0.00367376838966657
372	0.00438112164035976
372.2	0.00516138426809702
372.4	0.00585754500635835
372.6	0.00621830299125677
372.8	0.00605590857111744
373	0.00543250327770892
373.2	0.00460147859301576
373.4	0.00379190519417829
373.6	0.00311187794073462
373.8	0.00258010277339159
374	0.00217765482418707
374.2	0.00187748688145002
374.4	0.00165552074509941
374.6	0.00149319751215848
374.8	0.00137708766562128
375	0.00129782612075679
375.2	0.00124910790807715
375.4	0.00122690811013019
375.6	0.00122890142804247
375.8	0.00125399851248275
376	0.00130188780968836
376.2	0.00137244236759183
376.4	0.00146482426641131
376.6	0.00157610188708961
376.8	0.00169923097407854
377	0.00182067145809343
377.2	0.00191926953452457
377.4	0.00196958007409255
377.6	0.00195139895554366
377.8	0.00186093310748262
378	0.00171399563276384
378.2	0.001537601041933
378.4	0.0013576093200406
378.6	0.00119144118713745
378.8	0.00104746112541306
379	0.000927679520198485
379.2	0.000830719582789972
379.4	0.000753874929636875
379.6	0.000694238932205184
379.8	0.000649218179968041
380	0.000616712163345644
380.2	0.00059513697626916
380.4	0.000583387506873789
380.6	0.000580781823829707
380.8	0.000587003301807129
381	0.000602039649025435
381.2	0.000626105798568094
381.4	0.000659524770245003
381.6	0.00070252555885035
381.8	0.000754905419404999
382	0.000815511691549798
382.2	0.000881556380781274
382.4	0.000947921762707153
382.6	0.00100687749977335
382.8	0.0010489169504896
383	0.00106524045770218
383.2	0.00105120488041491
383.4	0.00100858824472086
383.6	0.000944844006696484
383.8	0.000869903847102692
384	0.000792840879612273
384.2	0.000720080841629236
384.4	0.000655231087140229
384.6	0.000599753896196919
384.8	0.000553791333688016
385	0.000516818531419302
385.2	0.000488065867762601
385.4	0.0004667576310925
385.6	0.000452232330159562
385.8	0.00044399573810915
386	0.000441739351445993
386.2	0.00044534253265942
386.4	0.000454866735204859
386.6	0.000470543209781658
386.8	0.000492749525961475
387	0.000521963433367097
387.2	0.000558673841973395
387.4	0.000603219562122004
387.6	0.000655521233586815
387.8	0.000714683551593643
388	0.000778495104216083
388.2	0.000842959246773024
388.4	0.000902152289569677
388.6	0.000948843484784981
388.8	0.000976156780351486
389	0.000979857181100112
389.2	0.000960024543114181
389.4	0.000920968944410691
389.6	0.000869468615797286
389.8	0.000812534875998901
390	0.000755858626999313
390.2	0.000703274613418232
390.4	0.000656943244782859
390.6	0.000617818468730383
390.8	0.000586117973568978
391	0.0005616839053604
391.2	0.000544223199565327
391.4	0.00053345460584621
391.6	0.000529194571968196
391.8	0.000531407610272761
392	0.000540238495567059
392.2	0.000556036786546614
392.4	0.000579378907902666
392.6	0.00061108846269843
392.8	0.000652250183852728
393	0.000704205222730975
393.2	0.000768503325221473
393.4	0.000846769737584503
393.6	0.000940424395254032
393.8	0.00105018017152194
394	0.00117526478726742
394.2	0.00131237698309259
394.4	0.00145456161367468
394.6	0.00159059471486805
394.8	0.00170594590727494
395	0.00178611131627541
395.2	0.00182147374188884
395.4	0.00181097399741036
395.6	0.00176211384072
395.8	0.00168749533418984
396	0.00160042039856716
396.2	0.00151186108012491
396.4	0.00142941017804272
396.6	0.00135759481833212
396.8	0.00129872543689098
397	0.0012537546375322
397.2	0.00122294319901414
397.4	0.00120631419330509
397.6	0.00120394386241291
397.8	0.00121614688036822
398	0.00124360222336605
398.2	0.00128745132814533
398.4	0.00134938771211271
398.6	0.00143174656546641
398.8	0.00153759156140213
399	0.00167078063056946
399.2	0.00183596863497791
399.4	0.00203847046941255
399.6	0.00228386594399866
399.8	0.00257717919950791
400	0.00292138910247108
400.2	0.00331494074095273
400.4	0.00374813005522144
400.6	0.0041992324786881
400.8	0.0046329054064151
401	0.00500434004605388
401.2	0.00527069009224792
401.4	0.00540579994724944
401.6	0.00540956826708346
401.8	0.00530587184143009
402	0.00513149393385218
402.2	0.00492386793938487
402.4	0.00471340912026319
402.6	0.00452126936329087
402.8	0.00436049521028265
403	0.00423839778318452
403.2	0.00415885566878052
403.4	0.00412409630367842
403.6	0.00413593950176726
403.8	0.00419663981691758
404	0.00430948054874726
404.2	0.00447924285357615
404.4	0.0047126381151937
404.6	0.00501876146092018
404.8	0.00540959721549453
405	0.00590057521223293
405.2	0.00651112829469516
405.4	0.00726512195193918
405.6	0.00819090318410118
405.8	0.00932052049969645
406	0.010687300215847
406.2	0.0123202862156939
406.4	0.0142333907203282
406.6	0.016407743089148
406.8	0.0187691311009077
407	0.0211693337908892
407.2	0.0233884665768359
407.4	0.0251756349455072
407.6	0.0263246176801074
407.8	0.0267473620465947
408	0.0264978647684079
408.2	0.0257341466455616
408.4	0.024650862060281
408.6	0.0234236454204532
408.8	0.0221828617994774
409	0.0210115480630876
409.2	0.0199551119638941
409.4	0.0190334495366542
409.6	0.0182511431086726
409.8	0.0176046951046376
410	0.0170871699847932
410.2	0.0166909748233985
410.4	0.0164094334978122
410.6	0.0162376256336206
410.8	0.01617279312267
411	0.0162144906500843
411.2	0.0163645655864502
411.4	0.0166269814216126
411.6	0.0170074330805541
411.8	0.0175126341103079
412	0.0181490904680569
412.2	0.0189211264325486
412.4	0.0198278606156769
412.6	0.0208586271734872
412.8	0.0219861090119134
413	0.0231569967623796
413.2	0.0242821648687821
413.4	0.0252318161667932
413.6	0.0258442801756391
413.8	0.0259564641254078
414	0.0254538975513667
414.2	0.0243198470433527
414.4	0.0226523734898929
414.6	0.0206340484923014
414.8	0.0184721283552812
415	0.0163440275152104
415.2	0.0143702161620479
415.4	0.0126138428319916
415.6	0.0110945411893722
415.8	0.00980489594966916
416	0.0087237259129755
416.2	0.00782484585074371
416.4	0.00708205332023684
416.6	0.00647157134964991
416.8	0.0059729871057797
417	0.00556939326454138
417.2	0.00524716170192911
417.4	0.00499558712853878
417.6	0.00480652320952692
417.8	0.00467406932871817
418	0.00459433201972222
418.2	0.00456526679393206
418.4	0.00458659276737994
418.6	0.00465975290851241
418.8	0.00478785080638874
419	0.00497540843234816
419.2	0.00522765248747673
419.4	0.00554896057195484
419.6	0.0059405045190493
419.8	0.00639853398160212
420	0.00691591928866718
420.2	0.00748652078964231
420.4	0.00810592374424106
420.6	0.00876386489562162
420.8	0.00943280268554061
421	0.0100604399259469
421.2	0.010571667864644
421.4	0.0108832518050501
421.6	0.0109297450314334
421.8	0.0106896503679303
422	0.0101955395613229
422.2	0.00952080483634319
422.4	0.00875255581875735
422.6	0.00796733801213904
422.8	0.00721918248699709
423	0.00653905741256647
423.2	0.00594015408232393
423.4	0.00542427157784074
423.6	0.00498700551354975
423.8	0.00462122980318493
424	0.00431915248807467
424.2	0.00407340280922199
424.4	0.00387753643946752
424.6	0.00372622337067402
424.8	0.00361528008535118
425	0.0035416383020764
425.2	0.00350330095765356
425.4	0.00349931301949392
425.6	0.00352976281760646
425.8	0.0035958238218234
426	0.00369984363808661
426.2	0.00384548301313058
426.4	0.00403789731209384
426.6	0.0042839250500048
426.8	0.00459218072087015
427	0.00497281301322019
427.2	0.00543650933897708
427.4	0.00599244055306853
427.6	0.00664633775859856
427.8	0.00740328563421558
428	0.00827885325298794
428.2	0.00930826543123704
428.4	0.0105372191815114
428.6	0.0119999728253611
428.8	0.0136996716236737
429	0.0155909302141398
429.2	0.017561943690455
429.4	0.0194263440277361
429.6	0.0209457997968454
429.8	0.0218955747936861
430	0.0221499183550194
430.2	0.0217320167020999
430.4	0.0207920063809845
430.6	0.0195348939864111
430.8	0.0181507483036269
431	0.0167786360023282
431.2	0.0155024707660081
431.4	0.0143629294136464
431.6	0.0133724896967074
431.8	0.01252766236385
432	0.0118171990556088
432.2	0.0112269786387154
432.4	0.0107426484161653
432.6	0.0103509073983241
432.8	0.0100400316214462
433	0.00980000872987266
433.2	0.00962249321262655
433.4	0.00950069869730482
433.6	0.00942928900121158
433.8	0.00940429952626975
434	0.00942310495124659
434.2	0.00948444203792838
434.4	0.00958849411286588
434.6	0.00973704278270892
434.8	0.00993368716675633
435	0.0101841002246425
435.2	0.0104961755667807
435.4	0.0108795854423381
435.6	0.0113435767909981
435.8	0.0118915662766893
436	0.0125155686654855
436.2	0.0132048025234914
436.4	0.0139720457773551
436.6	0.0148596010946033
436.8	0.0159129465472323
437	0.0171607986470315
437.2	0.0186095451080335
437.4	0.0202351000131589
437.6	0.0219644602091221
437.8	0.0236503893681886
438	0.0250543429973899
438.2	0.0258675924630473
438.4	0.0258000300300124
438.6	0.0247184998482852
438.8	0.022740484629483
439	0.0201912742922868
439.2	0.0174538189471471
439.4	0.0148314965749005
439.6	0.0124972618717165
439.8	0.0105129102025964
440	0.0088716362656537
440.2	0.00753446193924527
440.4	0.00645285551640942
440.6	0.00558007974064064
440.8	0.00487569782419057
441	0.00430659600356721
441.2	0.00384650070434784
441.4	0.00347500330830667
441.6	0.00317655909136729
441.8	0.00293965485543735
442	0.00275622281578158
442.2	0.00262134663620317
442.4	0.00253332838099465
442.6	0.00249426075905619
442.8	0.0025114125485086
443	0.00260005912611864
443.2	0.00278904274181264
443.4	0.00313157591370091
443.6	0.00372541096305701
443.8	0.00474355969936004
444	0.00643512470961113
444.2	0.00884777111506995
444.4	0.0108794921780611
444.6	0.010677390151533
444.8	0.00884383628287112
445	0.00706092385817946
445.2	0.00584846753739374
445.4	0.00513041563211224
445.6	0.00476900184636811
445.8	0.00467484277437635
446	0.004803656197117
446.2	0.00514130574158934
446.4	0.00569203723939542
446.6	0.00646651343238306
446.8	0.00746154504513526
447	0.00862159123891695
447.2	0.00978208310963175
447.4	0.0106388244285398
447.6	0.0108464718727172
447.8	0.0102617706354305
448	0.00907981003556333
448.2	0.00766757623374686
448.4	0.00631813226782216
448.6	0.00516837804652145
448.8	0.00424356384294303
449	0.00351863625329568
449.2	0.00295517340525423
449.4	0.00251694763946811
449.6	0.00217447022943889
449.8	0.00190516084716867
450	0.00169220000900977
450.2	0.00152323556449605
450.4	0.0013893152772099
450.6	0.00128413118793165
450.8	0.00120360134712826
451	0.00114588209278351
451.2	0.00111216568557295
451.4	0.00110950211362077
451.6	0.00116039339770476
451.8	0.00134056347111853
452	0.00192890081485942
452.2	0.00266647346685249
452.4	0.00157981431164643
452.6	0.00112200408970633
452.8	0.000994549897688123
453	0.000962375549627677
453.2	0.000969198646102524
453.4	0.00099925478416589
453.6	0.00104822302124229
453.8	0.00111619332307195
454	0.00120576839603372
454.2	0.00132174559111552
454.4	0.00147153704111623
454.6	0.00166621591235135
454.8	0.00192240902274795
455	0.00226559520568062
455.2	0.00273593195931195
455.4	0.00339880238091207
455.6	0.00436425840400896
455.8	0.00582240369609774
456	0.00810013214351047
456.2	0.0116977529345039
456.4	0.0169727385374509
456.6	0.0224036298992227
456.8	0.0230823080010358
457	0.0180344775796644
457.2	0.0123064812524181
457.4	0.00828065572666
457.6	0.00575543841549303
457.8	0.00417068080178142
458	0.00314309255814814
458.2	0.00245074772095542
458.4	0.00196719475607281
458.6	0.00161863556224119
458.8	0.00136049259272556
459	0.0011648699758787
459.2	0.00101372334704038
459.4	0.000895026156796147
459.6	0.000800546330900496
459.8	0.000724515012125947
460	0.000662805302687649
460.2	0.000612411587297028
460.4	0.000571111148749642
460.6	0.000537239312882684
460.8	0.000509537058842235
461	0.000487045959006075
461.2	0.0004690347125492
461.4	0.000454947221982808
461.6	0.000444365682567381
461.8	0.000436984385466965
462	0.000432591383721412
462.2	0.000431056136419244
462.4	0.000432321914328918
462.6	0.000436402235391262
462.8	0.000443380975721222
463	0.000453416097012643
463.2	0.000466747334481108
463.4	0.00048370851765195
463.6	0.000504745563405719
463.8	0.000530441842958735
464	0.000561553442420827
464.2	0.000599058056785339
464.4	0.000644223093662589
464.6	0.000698701387979344
464.8	0.000764667364967732
465	0.000845013597512575
465.2	0.000943639331886099
465.4	0.00106588198042111
465.6	0.00121917572848875
465.8	0.00141407917156137
466	0.00166591650416962
466.2	0.00199746154820918
466.4	0.00244342693936932
466.6	0.00305810277145255
466.8	0.00392838563062739
467	0.00519516718294544
467.2	0.00708288069433602
467.4	0.00991113315639026
467.6	0.0139452946519363
467.8	0.0186702621592637
468	0.0216218981836109
468.2	0.0202290010877612
468.4	0.0159618545863401
468.6	0.0117212039534253
468.8	0.00856531389922812
469	0.00640280316059536
469.2	0.00493183223108215
469.4	0.00391248190373612
469.6	0.00318761987783421
469.8	0.00265853541020646
470	0.00226298366575918
470.2	0.00196094874018639
470.4	0.00172607748314226
470.6	0.00154058156444248
470.8	0.00139216892141433
471	0.00127215999841429
471.2	0.00117430512059886
471.4	0.00109402503197073
471.6	0.00102791244717207
471.8	0.000973398193562199
472	0.00092852332560524
472.2	0.00089178097094395
472.4	0.000862005004768054
472.6	0.000838290810764111
472.8	0.000819938590817794
473	0.000806413078245174
473.2	0.000797315902409077
473.4	0.000792368828595583
473.6	0.000791408274938077
473.8	0.000794394934819828
474	0.000801449469480156
474.2	0.000812943044155618
474.4	0.00082972262704455
474.6	0.000853721375019679
474.8	0.000889890260820681
475	0.000953996746104872
475.2	0.00112010190985947
475.4	0.00221848347470391
475.6	0.00476849874702135
475.8	0.00140558006383358
476	0.0011826261959816
476.2	0.00115962524864634
476.4	0.00118299164575396
476.6	0.00122558483385412
476.8	0.001279750794088
477	0.00134277438242366
477.2	0.00141357846745746
477.4	0.00149171735724594
477.6	0.00157699829454445
477.8	0.00166931154246085
478	0.00176854015527712
478.2	0.00187450417639808
478.4	0.00198692228301056
478.6	0.00210538482131328
478.8	0.00222933687467169
479	0.00235807210077589
479.2	0.00249073881006844
479.4	0.00262635958022848
479.6	0.00276386480822515
479.8	0.00290213917369473
480	0.00304007828452578
480.2	0.00317665114664818
480.4	0.00331096293073417
480.6	0.00344231212478349
480.8	0.00357023671435525
481	0.00369454546906915
481.2	0.00381533255049935
481.4	0.00393297573489627
481.6	0.00404812059085734
481.8	0.00416165435920821
482	0.00427467393161974
482.2	0.00438845228231627
482.4	0.00450440712586041
482.6	0.00462407468211368
482.8	0.00474909045123185
483	0.00488117801065928
483.2	0.00502214614762001
483.4	0.00517389417515628
483.6	0.0053384250401397
483.8	0.00551786578309197
484	0.00571449500711971
484.2	0.005930777213868
484.4	0.00616940413389925
484.6	0.0064333434944117
484.8	0.00672589601689856
485	0.00705076181913759
485.2	0.00741211781559887
485.4	0.00781470818499921
485.6	0.00826395070340182
485.8	0.00876606194804643
486	0.00932820506582252
486.2	0.00995866545194147
486.4	0.0106670601262518
486.6	0.011464588027567
486.8	0.0123643300243957
487	0.0133816093157846
487.2	0.0145344251260243
487.4	0.0158439752119397
487.6	0.0173352857036297
487.8	0.0190379701348218
488	0.0209871430303496
488.2	0.023224516767933
488.4	0.0257997129774477
488.6	0.028771820340018
488.8	0.0322112273567217
489	0.0362017482747678
489.2	0.0408430377909907
489.4	0.0462532475334587
489.6	0.0525718029665981
489.8	0.0599620567697681
490	0.0686133822952876
490.2	0.0787419835315365
490.4	0.0905892915781205
490.6	0.104416307327655
490.8	0.120491677031366
491	0.139070808730796
491.2	0.160363358620971
491.4	0.184487506148949
491.6	0.211412397612587
491.8	0.240895564497951
492	0.272429593492577
492.2	0.305219314257547
492.4	0.338212270764264
492.6	0.370195715886902
492.8	0.399951606414803
493	0.426434851098567
493.2	0.448924420096606
493.4	0.46710379025997
493.6	0.481054430509256
493.8	0.491177822958331
494	0.498080928724169
494.2	0.502460933540504
494.4	0.505013199607423
494.6	0.506371427916186
494.8	0.507077961696153
495	0.507576858668847
495.2	0.508221545898253
495.4	0.509290398646267
495.6	0.511005769160273
495.8	0.513553958012717
496	0.517105019044989
496.2	0.521832127190426
496.4	0.527930587213771
496.6	0.535636462729019
496.8	0.545244208959363
497	0.557121422164189
497.2	0.571716574108869
497.4	0.589552067384649
497.6	0.611190172469684
497.8	0.637154707591572
498	0.66779089632147
498.2	0.703058252773219
498.4	0.742287397175441
498.6	0.783992233705225
498.8	0.825882124276144
499	0.865193552234534
499.2	0.89930624299638
499.4	0.926399699720193
499.6	0.945834364386651
499.8	0.958105656592921
500	0.964475579003402
500.2	0.966516180195628
500.4	0.965749680566495
500.6	0.963448605890583
500.8	0.960570971955407
501	0.957776594924764
501.2	0.955478269703301
501.4	0.953899634611178
501.6	0.953126673847618
501.8	0.953148940410526
502	0.95389093739857
502.2	0.955235619402627
502.4	0.957042116619987
502.6	0.959159380293733
502.8	0.961436915648078
503	0.963733290624152
503.2	0.965922753808371
503.4	0.967900077866918
503.6	0.969583653850068
503.8	0.970916869918885
504	0.971867879612182
504.2	0.972427961580206
504.4	0.972608761052419
504.6	0.972438759578267
504.8	0.971959333143611
505	0.971220731292461
505.2	0.970278251936634
505.4	0.96918881357418
505.6	0.968008046298368
505.8	0.966787959519968
506	0.965575192644703
506.2	0.964409815085405
506.4	0.963324621822452
506.6	0.962344860870387
506.8	0.961488326846952
507	0.960765756909213
507.2	0.960181468927997
507.4	0.959734185216554
507.6	0.959417987654274
507.8	0.959223351661884
508	0.95913820773004
508.2	0.959148980896361
508.4	0.959241561553491
508.6	0.959402165923512
508.8	0.959618051785789
509	0.95987806450778
509.2	0.960172999590181
509.4	0.96049577993654
509.6	0.960841457829688
509.8	0.961207062049154
510	0.961591318758288
510.2	0.96199428008453
510.4	0.962416896472941
510.6	0.962860568358272
510.8	0.963326707755859
511	0.963816336311474
511.2	0.964329740470897
511.4	0.964866196471973
511.6	0.965423771969549
511.8	0.965999205734543
512	0.966587862711937
512.2	0.967183758893743
512.4	0.967779648878461
512.6	0.968367168426455
512.8	0.968937024470819
513	0.969479225559337
513.2	0.969983346252006
513.4	0.970438819303872
513.6	0.970835249336326
513.8	0.971162741065028
514	0.97141223404834
514.2	0.971575834498903
514.4	0.971647133200814
514.6	0.971621497289869
514.8	0.97149632288747
515	0.971271235596309
515.2	0.970948226852045
515.4	0.970531716149752
515.6	0.970028532163654
515.8	0.969447808748443
516	0.968800796418354
516.2	0.968100600245252
516.4	0.96736184818344
516.6	0.966600303632339
516.8	0.965832438395229
517	0.965074983116521
517.2	0.96434447265243
517.4	0.96365680313887
517.6	0.963026815924589
517.8	0.962467921259143
518	0.961991771919407
518.2	0.961607994079043
518.4	0.961323979899757
518.6	0.961144743733804
518.8	0.961072841601335
519	0.961108351815087
519.2	0.961248913287642
519.4	0.961489817149212
519.6	0.961824146769278
519.8	0.962242961034944
520	0.962735515702073
520.2	0.963289517654754
520.4	0.96389140700833
520.6	0.964526662540715
520.8	0.965180124999606
521	0.965836333140349
521.2	0.966479867191422
521.4	0.967095694093198
521.6	0.967669506368614
521.8	0.968188048994012
522	0.968639426610837
522.2	0.969013383026722
522.4	0.969301545174802
522.6	0.969497624041335
522.8	0.969597565818766
523	0.969599647713227
523.2	0.969504514409237
523.4	0.969315153105575
523.6	0.969036807181215
523.8	0.968676830796289
524	0.96824448893351
524.2	0.967750709392049
524.4	0.967207794927128
524.6	0.966629104982533
524.8	0.966028717225186
525	0.965421079341112
525.2	0.964820661310425
525.4	0.964241617703977
525.6	0.9636974685207
525.8	0.963200805812606
526	0.962763031931837
526.2	0.96239413378024
526.4	0.962102496036185
526.6	0.96189475504128
526.8	0.961775693775549
527	0.961748177821378
527.2	0.961813131361266
527.4	0.961969550944835
527.6	0.962214555212791
527.8	0.962543468289689
528	0.962949934360955
528.2	0.963426060836311
528.4	0.963962587404874
528.6	0.964549078177226
528.8	0.965174133960173
529	0.965825621507112
529.2	0.966490916323251
529.4	0.967157155286842
529.6	0.967811494989668
529.8	0.968441371327887
530	0.969034755522128
530.2	0.969580401488638
530.4	0.97006807929182
530.6	0.970488789031922
530.8	0.970834950232593
531	0.971100561800738
531.2	0.971281328182444
531.4	0.97137474814169
531.6	0.971380163550027
531.8	0.971298766694184
532	0.971133565834411
532.2	0.970889310016545
532.4	0.970572375333809
532.6	0.970190616046551
532.8	0.969753185313051
533	0.96927033031357
533.2	0.968753167660508
533.4	0.968213445249939
533.6	0.967663296729383
533.8	0.967114994586547
534	0.966580707488601
534.2	0.966072266962703
534.4	0.965600947851733
534.6	0.965177266252928
534.8	0.964810797897059
535	0.964510019192098
535.2	0.964282172470664
535.4	0.964133156369423
535.6	0.964067441744743
535.8	0.964088013099217
536	0.964196335155383
536.2	0.964392343958703
536.4	0.964674461706929
536.6	0.965039634372238
536.8	0.96548339108605
537	0.96599992417679
537.2	0.966582188669837
537.4	0.967222019961344
537.6	0.967910268251209
537.8	0.968636948158008
538	0.969391401736327
538.2	0.970162473023697
538.4	0.970938691716788
538.6	0.971708462870125
538.8	0.972460260450083
539	0.973182821398168
539.2	0.973865336765379
539.4	0.97449763634965
539.6	0.975070363179768
539.8	0.975575134206057
540	0.976004683694603
540.2	0.976352986022236
540.4	0.976615354963846
540.6	0.976788517669123
540.8	0.976870661102094
541	0.97686145000874
541.2	0.976762016234836
541.4	0.976574919924948
541.6	0.976304083889966
541.8	0.975954703134292
542	0.975533132153015
542.2	0.975046753118635
542.4	0.974503828457629
542.6	0.973913341558542
542.8	0.973284829454727
543	0.972628211291367
543.2	0.971953616232138
543.4	0.971271214204254
543.6	0.97059105254335
543.8	0.969922901206879
544	0.969276108767301
544.2	0.968659470764358
544.4	0.968081112492677
544.6	0.967548386824309
544.8	0.967067787442793
545	0.966644877977974
545.2	0.966284237079396
545.4	0.965989419245856
545.6	0.965762931057464
545.8	0.965606222326881
546	0.965519691591589
546.2	0.965502705301365
546.4	0.965553630005724
546.6	0.96566987680749
546.8	0.96584795731297
547	0.966083550269959
547.2	0.966371578037029
547.4	0.966706291967576
547.6	0.967081365718208
547.8	0.96748999540323
548	0.967925005417352
548.2	0.968378958640702
548.4	0.968844269629577
548.6	0.969313319288798
548.8	0.969778569425666
549	0.970232675508331
549.2	0.970668595901427
549.4	0.97107969583617
549.6	0.971459844397113
549.8	0.971803502877585
550	0.972105802984181
550.2	0.972362613846411
550.4	0.972570596462617
550.6	0.972727243510087
550.8	0.972830905374971
551	0.972880801798214
551.2	0.972877018984412
551.4	0.972820492490038
551.6	0.972712976513635
551.8	0.972557000493347
552	0.972355814167619
552.2	0.972113322464373
552.4	0.971834011746336
552.6	0.971522869053068
552.8	0.971185296041168
553	0.970827019336101
553.2	0.970453998974579
553.4	0.970072336541446
553.6	0.969688184495987
553.8	0.969307658046849
554	0.96893675078034
554.2	0.968581255081117
554.4	0.968246688214568
554.6	0.967938224772334
554.8	0.96766063602235
555	0.967418236555827
555.2	0.967214838489148
555.4	0.967053713360316
555.6	0.966937561757822
555.8	0.966868490634429
556	0.966847998188142
556.2	0.966876966115337
556.4	0.966955658916144
556.6	0.96708373040479
556.8	0.967260236811453
557	0.967483656095693
557.2	0.967751913245776
557.4	0.968062411208098
557.6	0.968412067064972
557.8	0.968797353050716
558	0.969214341964588
558.2	0.969658756503691
558.4	0.970126022000635
558.6	0.970611322009884
558.8	0.971109656145017
559	0.971615899528072
559.2	0.972124863174207
559.4	0.972631354601673
559.6	0.973130237931647
559.8	0.973616492726685
560	0.974085270812438
560.2	0.974531950152456
560.4	0.974952184869833
560.6	0.975341952211644
560.8	0.975697594356624
561	0.976015854697032
561.2	0.976293908311868
561.4	0.976529386262556
561.6	0.976720393450185
561.8	0.976865519888348
562	0.976963845364375
562.2	0.977014937580587
562.4	0.97701884398318
562.6	0.976976077673625
562.8	0.976887597771027
563	0.976754784445545
563.2	0.976579409562293
563.4	0.976363603474068
563.6	0.976109818610571
563.8	0.97582079055707
564	0.975499497320932
564.2	0.975149117474674
564.4	0.974772987839864
564.6	0.974374561339636
564.8	0.973957365600358
565	0.973524962828017
565.2	0.973080911423653
565.4	0.972628729737292
565.6	0.972171862293674
565.8	0.971713648756475
566	0.971257295833559
566.2	0.970805852264493
566.4	0.970362186974648
566.6	0.969928970428115
566.8	0.969508659165361
567	0.969103483470609
567.2	0.968715438079296
567.4	0.968346275806511
567.6	0.967997503953644
567.8	0.967670383331617
568	0.967365929724939
568.2	0.967084917610526
568.4	0.966827885938842
568.6	0.966595145781224
568.8	0.966386789646411
569	0.966202702240058
569.2	0.966042572421061
569.4	0.9659059064605
569.6	0.965792042157963
569.8	0.965700163650028
570	0.9656293167798
570.2	0.965578424960548
570.4	0.965546305473733
570.6	0.965531685284743
570.8	0.965533217005979
571	0.96554949477998
571.2	0.965579069864127
571.4	0.965620465803146
571.6	0.965672193085048
571.8	0.965732763184966
572	0.965800701911015
572.2	0.965874561975661
572.4	0.965952934725786
572.6	0.966034460974393
572.8	0.966117840886594
573	0.966201842882278
573.2	0.966285311527531
573.4	0.966367174396279
573.6	0.966446447892831
573.8	0.966522242034972
574	0.966593764205673
574.2	0.96666032188946
574.4	0.966721324417044
574.6	0.966776283748602
574.8	0.966824814332309
575	0.966866632080271
575.2	0.966901552508852
575.4	0.966929488094363
575.6	0.966950444905703
575.8	0.966964518581109
576	0.966971889643314
576.2	0.966972818279496
576.4	0.966967638639193
576.6	0.966956752701471
576.8	0.966940623772396
577	0.966919769673131
577.2	0.966894755678233
577.4	0.966866187261957
577.6	0.966834702709443
577.8	0.966800965647418
578	0.966765657547578
578.2	0.966729470253797
578.4	0.966693098582383
578.6	0.966657233042731
578.8	0.966622552723776
579	0.966589718389863
579.2	0.966559365827761
579.4	0.966532099484921
579.6	0.966508486437315
579.8	0.966489050723503
580	0.966474268080116
580.2	0.966464561111241
580.4	0.966460294922625
580.6	0.966461773257957
580.8	0.966469235158376
581	0.966482852172398
581.2	0.966502726141459
581.4	0.966528887582983
581.6	0.966561294690317
581.8	0.966599832966161
582	0.966644315502772
582.2	0.966694483918681
582.4	0.96675000991439
582.6	0.966810497481039
582.8	0.966875485911881
583	0.966944453398279
583.2	0.967016821253074
583.4	0.967091958755583
583.6	0.967169188593026
583.8	0.967247792867003
584	0.967327019627146
584.2	0.967406089887401
584.4	0.967484205073833
584.6	0.967560554846162
584.8	0.967634325228989
585	0.967704706982472
585.2	0.967770904136692
585.4	0.967832142608689
585.6	0.967887678817167
585.8	0.967936808205865
586	0.967978873584348
586.2	0.968013273193306
586.4	0.96803946840122
586.6	0.968056990940071
586.8	0.968065449590036
587	0.968064536226634
587.2	0.968054031148727
587.4	0.968033807611839
587.6	0.968003835498857
587.8	0.967964184068741
588	0.967915023733492
588.2	0.967856626824282
588.4	0.967789367319064
588.6	0.967713719515626
588.8	0.967630255646713
589	0.967539642445935
589.2	0.967442636695771
589.4	0.967340079884251
589.6	0.967232891761532
589.8	0.967122062962541
590	0.967008646882176
590.2	0.96689375083288
590.4	0.96677852659889
590.6	0.966664160221787
590.8	0.966551861370529
591	0.966442852365356
591.2	0.966338356928189
591.4	0.966239588766421
591.6	0.966147740097889
591.8	0.966063970224553
592	0.965989394261241
592.2	0.96592507212358
592.4	0.965871997876242
592.6	0.965831089538788
592.8	0.965803179442037
593	0.965789005222903
593.2	0.965789201540226
593.4	0.965804292588372
593.6	0.965834685479209
593.8	0.965880664556762
594	0.965942386702226
594.2	0.966019877680111
594.4	0.966113029569436
594.6	0.966221599316343
594.8	0.966345208437222
595	0.96648334389343
595.2	0.966635360150657
595.4	0.966800482427394
595.6	0.9669778111282
595.8	0.967166327448078
596	0.967364900124589
596.2	0.967572293303402
596.4	0.967787175374684
596.6	0.968008128833718
596.8	0.968233661361442
597	0.968462217622858
597.2	0.968692191826933
597.4	0.968921940971433
597.6	0.969149798662902
597.8	0.969374089391693
598	0.969593143132634
598.2	0.969805310133671
598.4	0.970008975747717
598.6	0.970202575157345
598.8	0.970384607838203
599	0.970553651604989
599.2	0.970708376084187
599.4	0.970847555459996
599.6	0.970970080344806
599.8	0.971074968632607
600	0.971161375203219
600.2	0.971228600311717
600.4	0.971276096511296
600.6	0.971303474381003
600.8	0.971310506623126
601	0.971297130521128
601.2	0.971263448768994
601.4	0.971209728658132
601.6	0.971136399628901
601.8	0.971044049214344
602	0.970933417424178
602.2	0.970805389635966
602.4	0.970660988078751
602.6	0.970501362010569
602.8	0.970327776705914
603	0.970141601381785
603.2	0.969944296201119
603.4	0.96973739850044
603.6	0.969522508428638
603.8	0.969301274210056
604	0.969075376858141
604.2	0.968846514800163
604.4	0.968616388546113
604.6	0.968386685503715
604.8	0.968159065081635
605	0.967935144215365
605.2	0.967716483441808
605.4	0.96750457363931
605.6	0.96730082353981
605.8	0.967106548109742
606	0.966922957885761
606.2	0.966751149340882
606.4	0.966592096346432
606.6	0.966446642784958
606.8	0.966315496359508
607	0.966199223635165
607.2	0.966098246339525
607.4	0.966012838940073
607.6	0.96594312750781
607.8	0.965889089868187
608	0.965850557032425
608.2	0.96582721589416
608.4	0.96581861316863
608.6	0.965824160543525
608.8	0.9658431410028
609	0.965874716276624
609.2	0.965917935362359
609.4	0.965971744053398
609.6	0.966034995403983
609.8	0.96610646104994
610	0.966184843296727
610.2	0.96626878776837
610.4	0.966356896402913
610.6	0.966447741557717
610.8	0.96653988022931
611	0.96663186835802
611.2	0.966722275138156
611.4	0.966809697408892
611.6	0.966892773836212
611.8	0.966970198713087
612	0.967040735281606
612.2	0.967103228439287
612.4	0.967156616695391
612.6	0.967199943248657
612.8	0.967232366065474
613	0.967253166846902
613.2	0.967261758784056
613.4	0.9672576930144
613.6	0.967240663705536
613.8	0.967210511708732
614	0.967167226741023
614.2	0.967110948071614
614.4	0.967041963706226
614.6	0.966960708080436
614.8	0.966867758290491
615	0.9667638289069
615.2	0.966649765431979
615.4	0.966526536477375
615.6	0.96639522475085
615.8	0.966257016953638
616	0.966113192699531
616.2	0.965965112575351
616.4	0.965814205468605
616.6	0.965661955292748
616.8	0.965509887243066
617	0.965359553716916
617.2	0.965212520031403
617.4	0.965070350069137
617.6	0.964934591979007
617.8	0.964806764054279
618	0.964688340904294
618.2	0.964580740029787
618.4	0.964485308904578
618.6	0.964403312665466
618.8	0.964335922534639
619	0.964284204936952
619.2	0.964249111457809
619.4	0.964231469736282
619.6	0.964231975323698
619.8	0.964251184558738
620	0.964289508503522
620.2	0.964347208257253
620.4	0.964424391958001
620.6	0.964521011275066
620.8	0.964636859637186
621	0.96477157193435
621.2	0.964924625425383
621.4	0.965095341855864
621.6	0.965282890785158
621.8	0.965486294115136
622	0.965704431806748
622.2	0.965936048763432
622.4	0.966179762853068
622.6	0.966434074031986
622.8	0.966697374526077
623	0.96696796001495
623.2	0.96724404175554
623.4	0.96752375957173
623.6	0.967805195626424
623.8	0.968086388882327
624	0.968365350147546
624.2	0.96864007759238
624.4	0.968908572614422
624.6	0.969168855920564
624.8	0.969418983687068
625	0.969657063652725
625.2	0.969881270995353
625.4	0.970089863839121
625.6	0.970281198238982
625.8	0.970453742489834
626	0.970606090611171
626.2	0.970736974863677
626.4	0.97084527715883
626.6	0.970930039211389
626.8	0.970990471392311
627	0.971025960148186
627.2	0.971036073878093
627.4	0.97102056722102
627.6	0.970979383707554
627.8	0.97091265674891
628	0.970820708956182
628.2	0.970704049802965
628.4	0.97056337166409
628.6	0.970399544282155
628.8	0.970213607731595
629	0.970006763966322
629.2	0.969780367051925
629.4	0.969535912196128
629.6	0.969275023702077
629.8	0.96899944197738
630	0.968711009738167
630.2	0.968411657281801
630.4	0.968103386704249
630.6	0.96778825736184
630.8	0.967468370562333
631	0.967145853893123
631.2	0.966822845588085
631.4	0.966501479057849
631.6	0.966183867700194
631.8	0.965872090098299
632	0.965568175705017
632.2	0.965274091101719
632.4	0.964991726910239
632.6	0.964722885426874
632.8	0.964469269037916
633	0.964232469467392
633.2	0.964013957899171
633.4	0.963815076008217
633.6	0.96363702792861
633.8	0.963480873179952
634	0.963347520568374
634.2	0.963237723073608
634.4	0.963152073728915
634.6	0.963091002489087
634.8	0.963054774109007
635	0.963043487026613
635.2	0.96305707323505
635.4	0.963095299144509
635.6	0.963157767426705
635.8	0.963243919833081
636	0.963353040975507
636.2	0.963484263056106
636.4	0.963636571529864
636.6	0.963808811680733
636.8	0.963999696087996
637	0.964207812955678
637.2	0.964431635272672
637.4	0.9646695307661
637.6	0.964919772604263
637.8	0.965180550799211
638	0.965449984251943
638.2	0.965726133376149
638.4	0.966007013228868
638.6	0.966290607068962
638.8	0.966574880257022
639	0.966857794403044
639.2	0.967137321661744
639.4	0.967411459069297
639.6	0.96767824281029
639.8	0.967935762299572
640	0.968182173960846
640.2	0.96841571471955
640.4	0.968634715227771
640.6	0.968837611607593
640.8	0.969022956694026
641	0.969189430531832
641.2	0.969335849887367
641.4	0.969461176681844
641.6	0.969564525262894
641.8	0.969645168442635
642	0.969702542243594
642.2	0.969736249307551
642.4	0.96974606093718
642.6	0.969731917756196
642.8	0.9696939289963
643	0.969632370408365
643.2	0.969547680833707
643.4	0.969440457495242
643.6	0.969311450059952
643.8	0.969161553544394
644	0.968991800146526
644.2	0.96880335009685
644.4	0.968597481630136
644.6	0.968375580185451
644.8	0.968139126946912
645	0.967889686840751
645.2	0.967628896105473
645.4	0.967358449551645
645.6	0.967080087626107
645.8	0.966795583392111
646	0.966506729532605
646.2	0.966215325478375
646.4	0.965923164756492
646.6	0.965632022647533
646.8	0.965343644232602
647	0.96505973290341
647.2	0.964781939400786
647.4	0.96451185143919
647.6	0.964250983966902
647.8	0.964000770104408
648	0.96376255279621
648.2	0.963537577204791
648.4	0.963326983869418
648.6	0.963131802646768
648.8	0.962952947445508
649	0.962791211762466
649.2	0.96264726502403
649.4	0.962521649733092
649.6	0.962414779418822
649.8	0.962326937383928
650	0.962258276241834
650.2	0.962208818220529
650.4	0.962178456208109
650.6	0.962166955635187
650.8	0.962173957070725
651	0.962198979527943
651.2	0.962241424470558
651.4	0.962300580506741
651.6	0.962375628752978
651.8	0.962465648828874
652	0.962569625459756
652.2	0.962686455656486
652.4	0.962814956438101
652.6	0.962953873059442
652.8	0.963101887702172
653	0.963257628583688
653.2	0.963419679434405
653.4	0.963586589289833
653.6	0.963756882539827
653.8	0.963929069173466
654	0.964101655154345
654.2	0.964273152857677
654.4	0.964442091497632
654.6	0.964607027471019
654.8	0.9647665545414
655	0.964919313786866
655.2	0.965064003234255
655.4	0.965199387103177
655.6	0.965324304584734
655.8	0.965437678082152
656	0.965538520844006
656.2	0.965625943924976
656.4	0.965699162414354
656.6	0.965757500878681
656.8	0.965800397971724
657	0.965827410172798
657.2	0.965838214622482
657.4	0.965832611033703
657.6	0.965810522665063
657.8	0.965771996352605
658	0.965717201605454
658.2	0.965646428780051
658.4	0.965560086356461
658.6	0.965458697348849
658.8	0.965342894890203
659	0.96521341703858
659.2	0.965071100858879
659.4	0.964916875839654
659.6	0.964751756709476
659.8	0.964576835713444
660	0.964393274423608
660.2	0.964202295096936
660.4	0.96400517152147
660.6	0.963803220175851
660.8	0.96359779103681
661	0.963390258199172
661.2	0.963182010470506
661.4	0.962974442006982
661.6	0.962768943053486
661.8	0.96256689084732
662	0.96236964074057
662.2	0.962178517591956
662.4	0.961994807474381
662.6	0.961819749739955
662.8	0.961654529479762
663	0.961500270411235
663.2	0.961358028221834
663.4	0.961228784393762
663.6	0.961113440530701
663.8	0.961012813204122
664	0.960927629333625
664.2	0.960858522112876
664.4	0.960806027490283
664.6	0.960770581211152
664.8	0.960752516426281
665	0.960752061870046
665.2	0.96076934060956
665.4	0.960804369365142
665.6	0.960857058400947
665.8	0.960927211983572
666	0.961014529405141
666.2	0.961118606566319
666.4	0.961238938113361
666.6	0.961374920122019
666.8	0.961525853319646
667	0.961690946835117
667.2	0.961869322464496
667.4	0.962060019438102
667.6	0.962261999672536
667.8	0.962474153488633
668	0.962695305773537
668.2	0.962924222562208
668.4	0.96315961801053
668.6	0.963400161735482
668.8	0.963644486536487
669	0.963891196314607
669.2	0.964138874224877
669.4	0.964386091069089
669.6	0.964631413842695
669.8	0.964873414384065
670	0.965110678072129
670.2	0.965341812628226
670.4	0.96556545707612
670.6	0.965780289902068
670.8	0.965985037251525
671	0.96617848098914
671.2	0.96635946644873
671.4	0.966526909813241
671.6	0.966679805066271
671.8	0.966817230459332
672	0.966938354442183
672.2	0.967042441007412
672.4	0.967128854405092
672.6	0.967197063188596
672.8	0.967246643558256
673	0.967277281975955
673.2	0.967288777030398
673.4	0.967281040539586
673.6	0.967254097884356
673.8	0.967208087573881
674	0.967143260051329
674.2	0.967059975754821
674.4	0.96695870245566
674.6	0.966840011902143
674.8	0.96670457580334
675	0.966553161192536
675.2	0.966386625214964
675.4	0.966205909388519
675.6	0.966012033389697
675.8	0.96580608841967
676	0.965589230207362
676.2	0.965362671707782
676.4	0.965127675554155
676.6	0.964885546322481
676.8	0.964637622666078
677	0.964385269376492
677.2	0.96412986942495
677.4	0.963872816036347
677.6	0.963615504844759
677.8	0.963359326181198
678	0.963105657540638
678.2	0.962855856227235
678.4	0.962611252252163
678.6	0.962373141512053
678.8	0.962142779271312
679	0.961921373972633
679.2	0.961710081396592
679.4	0.961509999187944
679.6	0.961322161763101
679.8	0.961147535610475
680	0.960987014992749
680.2	0.960841418054965
680.4	0.960711483340247
680.6	0.96059786673903
680.8	0.960501138850226
681	0.960421782757233
681.2	0.960360192220738
681.4	0.960316670286492
681.6	0.960291428305475
681.8	0.960284585363516
682	0.960296168116777
682.2	0.960326111029387
682.4	0.960374257009064
682.6	0.960440358436327
682.8	0.960524078582724
683	0.960624993412927
683.2	0.960742593765379
683.4	0.96087628790547
683.6	0.961025404444743
683.8	0.961189195618656
684	0.961366840914687
684.2	0.9615574510413
684.4	0.96176007222708
684.6	0.961973690837833
684.8	0.962197238297852
685	0.962429596299703
685.2	0.962669602284962
685.4	0.962916055176178
685.6	0.963167721338322
685.8	0.96342334074546
686	0.96368163332632
686.2	0.96394130546003
686.4	0.96420105659101
686.6	0.964459585929862
686.8	0.964715599205131
687	0.964967815428803
687.2	0.965214973649517
687.4	0.965455839651367
687.6	0.96568921248949
687.8	0.96591393090246
688	0.96612887954221
688.2	0.966332994972442
688.4	0.966525271394285
688.6	0.966704766058954
688.8	0.966870604328669
689	0.967021984349107
689.2	0.967158181299023
689.4	0.967278551185672
689.6	0.967382534157857
689.8	0.967469657312113
690	0.967539536971611
690.2	0.967591880360076
690.4	0.967626486597586
690.6	0.967643247502974
690.8	0.967642147708935
691	0.967623264153766
691.2	0.967586765018558
691.4	0.967532908121721
691.6	0.967462038787355
691.8	0.967374587208058
692	0.967271065326861
692.2	0.967152063266521
692.4	0.967018245337586
692.6	0.966870345659662
692.8	0.966709163432338
693	0.966535557894539
693.2	0.966350443012157
693.4	0.966154781934985
693.6	0.965949581264409
693.8	0.965735885173351
694	0.965514769419579
694.2	0.965287335292759
694.4	0.965054703534461
694.6	0.96481800826878
694.8	0.964578390979674
695	0.964336994568947
695.2	0.964094957526651
695.4	0.96385340824344
695.6	0.963613459491851
695.8	0.963376203100998
696	0.963142704846683
696.2	0.962913999576338
696.4	0.962691086585737
696.6	0.962474925262097
696.8	0.962266431011893
697	0.962066471501985
697.2	0.961875863137685
697.4	0.961695367855376
697.6	0.96152569023853
697.8	0.961367474944122
698	0.961221304440999
698.2	0.961087697060317
698.4	0.960967105357327
698.6	0.960859914782718
698.8	0.960766442660971
699	0.9606869374725
699.2	0.960621578435818
699.4	0.96057047538544
699.6	0.960533668940916
699.8	0.960511130961949
700	0.960502765284353
700.2	0.960508408744907
700.4	0.960527832502976
700.6	0.960560743543247
700.8	0.960606786462659
701	0.960665545520966
701.2	0.960736546934088
701.4	0.960819261402515
701.6	0.960913106866602
701.8	0.961017451479936
702	0.961131616791242
702.2	0.961254881124616
702.4	0.961386483146973
702.6	0.961525625610741
702.8	0.961671479258818
703	0.961823186877868
703.2	0.96197986748487
703.4	0.962140620630864
703.6	0.962304530804645
703.8	0.96247067191811
704	0.962638111853946
704.2	0.962805917055204
704.4	0.96297315713552
704.6	0.963138909487786
704.8	0.963302263868325
705	0.963462326933073
705.2	0.963618226701811
705.4	0.963769116926102
705.6	0.963914181336644
705.8	0.964052637745726
706	0.964183741980856
706.2	0.96430679162617
706.4	0.964421129548917
706.6	0.96452614718959
706.8	0.964621287606952
707	0.964706048246003
707.2	0.964779983379658
707.4	0.964842706259755
707.6	0.964893890948663
707.8	0.964933273817544
708	0.964960654702286
708.2	0.964975897710583
708.4	0.964978931676181
708.6	0.964969750258788
708.8	0.964948411690743
709	0.964915038174135
709.2	0.964869814934467
709.4	0.964812988939553
709.6	0.964744867294457
709.8	0.964665815325716
710	0.964576254369934
710.2	0.964476659331772
710.4	0.964367556077971
710.6	0.964249518303827
710.8	0.964123164277297
711	0.963989153435193
711.2	0.963848182806619
711.4	0.963700983287374
711.6	0.963548315789292
711.8	0.963390967288675
712	0.963229746797687
712.2	0.963065481282411
712.4	0.962899011550592
712.6	0.962731188131509
712.8	0.962562867169534
713	0.962394906351929
713.2	0.962228160890444
713.4	0.962063479574943
713.6	0.961901700916244
713.8	0.96174364939391
714	0.961590131823446
714.2	0.961441933856109
714.4	0.961299816623062
714.6	0.961164513534495
714.8	0.96103672724289
715	0.960917126778503
715.2	0.960806344863985
715.4	0.96070497541392
715.6	0.960613571224065
715.8	0.960532641854219
716	0.960462651707675
716.2	0.960404018309529
716.4	0.960357110785415
716.6	0.960322248541619
716.8	0.960299700146993
717	0.960289682423974
717.2	0.960292359744221
717.4	0.960307843501286
717.6	0.960336191792672
717.8	0.960377409302075
718	0.960431447378153
718.2	0.960498204308075
718.4	0.960577525783875
718.6	0.960669205559537
718.8	0.960772986296412
719	0.960888560594503
719.2	0.961015572206774
719.4	0.961153617433549
719.6	0.961302246693615
719.8	0.961460966268408
720	0.961629240215244
720.2	0.961806492340348
720.4	0.961992108121903
720.6	0.962185437415533
720.8	0.962385797098561
721	0.962592473750884
721.2	0.962804726469762
721.4	0.963021789810407
721.6	0.963242876843441
721.8	0.963467182319543
722	0.963693885930745
722.2	0.963922155657042
722.4	0.96415115118614
722.6	0.964380027393381
722.8	0.964607937867977
723	0.964834038471143
723.2	0.965057490910787
723.4	0.965277466316958
723.6	0.965493148801569
723.8	0.965703738985528
724	0.965908457476022
724.2	0.966106548276412
724.4	0.96629728211117
724.6	0.966479959648173
724.8	0.966653914600968
725	0.96681851669383
725.2	0.966973174472913
725.4	0.967117337947455
725.6	0.967250501045692
725.8	0.967372203871124
726	0.967482034745756
726.2	0.967579632028232
726.4	0.96766468569603
726.6	0.967736938682336
726.8	0.967796187959795
727	0.967842285364937
727.2	0.967875138158777
727.4	0.967894709321479
727.6	0.967901017586096
727.8	0.967894137194647
728	0.967874197387824
728.2	0.967841381640503
728.4	0.967795926643598
728.6	0.967738121039813
728.8	0.967668303922534
729	0.967586863108471
729.2	0.967494233196134
729.4	0.967390893423228
729.6	0.96727736533737
729.8	0.967154210295208
730	0.967022026805966
730.2	0.966881447910467
730.4	0.96673313878705
730.6	0.966577793205446
730.8	0.966416130242725
731	0.966248891104109
731.2	0.966076835891306
731.4	0.965900740335464
731.6	0.965721392511302
731.8	0.965539589548558
732	0.965356134356211
732.2	0.965171832374249
732.4	0.964987488366942
732.6	0.964803903270818
732.8	0.964621871109463
733	0.964442175986629
733.2	0.96426558916777
733.4	0.964092866259675
733.6	0.963924744496353
733.8	0.963761940138887
734	0.963605145995663
734.2	0.963455029068706
734.4	0.963312228330917
734.6	0.963177352638179
734.8	0.96305097877964
735	0.96293364966857
735.2	0.962825872675819
735.4	0.962728118107051
735.6	0.962640817824549
735.8	0.962564364013867
736	0.962499108095256
736.2	0.962445359779258
736.4	0.962403386265833
736.6	0.962373411585875
736.8	0.962355616083924
737	0.962350136040707
737.2	0.962357063433889
737.4	0.962376445835529
737.6	0.962408286444487
737.8	0.962452544252057
738	0.962509134339093
738.2	0.962577928301928
738.4	0.962658754786395
738.6	0.962751400163886
738.8	0.962855609354139
739	0.962971086753831
739.2	0.963097497284763
739.4	0.963234467560409
739.6	0.963381587168625
739.8	0.963538410068243
740	0.963704456097009
740.2	0.963879212368449
740.4	0.96406213433461
740.6	0.964252648269551
740.8	0.964450153412651
741	0.964654023987326
741.2	0.964863611310441
741.4	0.96507824598779
741.6	0.965297240190479
741.8	0.96551989000652
742	0.965745477861557
742.2	0.965973275002086
742.4	0.966202544033952
742.6	0.966432541508491
742.8	0.966662520548073
743	0.966891733502347
743.2	0.967119434625916
743.4	0.967344882767848
743.6	0.967567344062845
743.8	0.967786094613534
744	0.968000423153113
744.2	0.96820963367716
744.4	0.968413048033219
744.6	0.968610008456762
744.8	0.968799880041795
745	0.968982053134686
745.2	0.969155945639626
745.4	0.969321005224501
745.6	0.969476711416098
745.8	0.969622577574054
746	0.969758152733323
746.2	0.969883023305534
746.4	0.96999681463027
746.6	0.970099192367917
746.8	0.970189863726767
747	0.970268578517631
747.2	0.970335130030404
747.4	0.970389355727934
747.6	0.970431137753569
747.8	0.970460403249895
748	0.970477124487266
748.2	0.970481318801847
748.4	0.970473048344056
748.6	0.970452419639364
748.8	0.970419582964611
749	0.970374731543981
749.2	0.970318100569877
749.4	0.970249966056056
749.6	0.970170643532931
749.8	0.97008048657379
750	0.969979885182032
750.2	0.969869264310443
750.4	0.969749082779386
750.6	0.969619830507648
750.8	0.969482026164446
751	0.969336214991717
751.2	0.969182966546196
751.4	0.969022872373172
751.6	0.968856543623787
751.8	0.96868460862781
752	0.968507710433642
752.2	0.968326504327089
752.4	0.968141655340301
752.6	0.967953835761798
752.8	0.967763722658147
753	0.967571995417492
753.2	0.967379333324475
753.4	0.967186413175739
753.6	0.966993906944384
753.8	0.966802479501477
754	0.966612786401759
754.2	0.966425471740335
754.4	0.966241166086346
754.6	0.966060484499091
754.8	0.965884024631366
755	0.96571236492429
755.2	0.965546062897181
755.4	0.965385653535609
755.6	0.965231647780114
755.8	0.965084531117655
756	0.96494476227731
756.2	0.9648127720314
756.4	0.964688962102685
756.6	0.964573704178037
756.8	0.96446733902858
757	0.964370175735991
757.2	0.964282491024499
757.4	0.964204528697681
757.6	0.964136499179177
757.8	0.964078579156156
758	0.964030911324212
758.2	0.963993604232314
758.4	0.963966732226317
758.6	0.963950335489397
758.8	0.963944420177841
759	0.963948958650458
759.2	0.963963889789879
759.4	0.963989119414005
759.6	0.964024520775826
759.8	0.964069935149728
760	0.964125172502544
760.2	0.964190012008141
760.4	0.96426420216427
760.6	0.964347462423672
760.8	0.964439484423639
761	0.964539933041898
761.2	0.964648447525459
761.4	0.964764642711193
761.6	0.964888110303887
761.8	0.965018420218339
762	0.965155121984149
762.2	0.965297746210352
762.4	0.965445806106846
762.6	0.965598799059243
762.8	0.965756208253794
763	0.9659175043485
763.2	0.966082147186614
763.4	0.966249587548147
763.6	0.966419268935037
763.8	0.966590629385185
764	0.966763103310391
764.2	0.966936123352928
764.4	0.96710912225527
764.6	0.967281534737241
764.8	0.967452799374627
765	0.967622360473069
765.2	0.96778966993094
765.4	0.967954189084612
765.6	0.968115390529558
765.8	0.968272759910498
766	0.968425797673808
766.2	0.968574020775339
766.4	0.968716964336874
766.6	0.968854183244415
766.8	0.968985253681681
767	0.969109774592296
767.2	0.969227369064355
767.4	0.969337685631274
767.6	0.969440399483187
767.8	0.96953521358335
768	0.969621859684562
768.2	0.969700099240845
768.4	0.969769724210267
768.6	0.969830557745105
768.8	0.969882454766192
769	0.969925302418837
769.2	0.969959020408179
769.4	0.969983561212572
769.6	0.969998910174134
769.8	0.970005085466172
770	0.970002137937974
770.2	0.969990150796495
770.4	0.969969239085398
770.6	0.969939549294232
770.8	0.96990125876998
771	0.969854574975585
771.2	0.96979973464078
771.4	0.969737002809598
771.6	0.969666671789496
771.8	0.96958906000736
772	0.969504510778146
772.2	0.96941339099222
772.4	0.969316089727694
772.6	0.969213016794433
772.8	0.969104601216604
773	0.968991289660176
773.2	0.968873544812194
773.4	0.968751843720741
773.6	0.968626676101869
773.8	0.968498542620413
774	0.968367953151711
774.2	0.968235425031134
774.4	0.968101481298185
774.6	0.967966648941719
774.8	0.96783145715265
775	0.967696435590217
775.2	0.967562112667665
775.4	0.967429013862821
775.6	0.96729766005884
775.8	0.967168565919986
776	0.967042238307042
776.2	0.966919174736533
776.4	0.966799861887707
776.6	0.966684774160792
776.8	0.966574372289724
777	0.966469102012285
777.2	0.966369392800138
777.4	0.966275656651081
777.6	0.966188286945423
777.8	0.966107657368162
778	0.966034120898395
778.2	0.965968008867071
778.4	0.965909630084035
778.6	0.965859270035071
778.8	0.965817190149438
779	0.96578362713824
779.2	0.965758792403822
779.4	0.965742871520212
779.6	0.965736023784518
779.8	0.965738381839097
780	0.965750051364224
780.2	0.965771111207667
780.4	0.965801614317696
780.6	0.965841586544579
780.8	0.965891026244358
781	0.965949904317545
781.2	0.966018164315377
781.4	0.966095722612931
781.6	0.966182468648584
781.8	0.966278265229049
782	0.966382948899343
782.2	0.966496330377029
782.4	0.966618195049882
782.6	0.966748303536366
782.8	0.966886392307955
783	0.967032174372578
783.2	0.96718534001818
783.4	0.967345557615453
783.6	0.96751247447866
783.8	0.967685717783436
784	0.967864895540225
784.2	0.968049597622024
784.4	0.968239396844919
784.6	0.968433850099711
784.8	0.968632499532876
785	0.968834873773534
785.2	0.969040489202083
785.4	0.969248851270095
785.6	0.969459455858269
785.8	0.969671790670151
786	0.969885336660266
786.2	0.970099569493348
786.4	0.970313961031297
786.6	0.970527980844102
786.8	0.970741097740836
787	0.970952781316621
787.2	0.971162503511111
787.4	0.971369740174029
787.6	0.971573972632944
787.8	0.971774689258355
788	0.971971387021
788.2	0.972163573036133
788.4	0.972350766089419
788.6	0.972532498138981
788.8	0.972708315788089
789	0.972877781722928
789.2	0.973040476109908
789.4	0.973195997946939
789.6	0.973343966363253
789.8	0.973484021862361
790	0.973615827502958
790.2	0.973739069731152
790.4	0.973853458577437
790.6	0.973958729465994
790.8	0.974054644380508
791	0.97414099266356
791.2	0.974217591727377
791.4	0.974284287672659
791.6	0.974340955812525
791.8	0.974387501099142
792	0.97442385845095
792.2	0.974449992978941
792.4	0.974465900110888
792.6	0.974471605612893
792.8	0.974467165508139
793	0.974452665893262
793.2	0.974428222653155
793.4	0.97439398107561
793.6	0.974350115367618
793.8	0.974296828075656
794	0.974234349412695
794.2	0.974162936495095
794.4	0.974082872493047
794.6	0.973994465698437
794.8	0.973898048514494
795	0.973793976371827
795.2	0.973682626575781
795.4	0.973564397090209
795.6	0.973439705263084
795.8	0.973308986499411
796	0.973172692887167
796.2	0.973031291781933
796.4	0.972885264356126
796.6	0.972735104118603
796.8	0.972581315410404
797	0.972424411882513
797.2	0.972264914961204
797.4	0.972103352306584
797.6	0.971940256270021
797.8	0.971776162356705
798	0.971611607694211
798.2	0.971447129515477
798.4	0.971283263660957
798.6	0.971120543103464
798.8	0.970959496499801
799	0.970800646773068
799.2	0.970644509729106
799.4	0.970491592710393
799.6	0.970342393290385
799.8	0.970197398010969
800	0.970057081165478
800.2	0.969921903632763
800.4	0.969792311767573
800.6	0.969668736321911
800.8	0.969551591425729
801	0.969441273624654
801.2	0.969338160972395
801.4	0.969242612178445
801.6	0.96915496581164
801.8	0.969075539559926
802	0.969004629546434
802.2	0.968942509702039
802.4	0.968889431194145
802.6	0.968845621911576
802.8	0.968811286005309
803	0.968786603484547
803.2	0.968771729867798
803.4	0.968766795888368
803.6	0.968771907253818
803.8	0.968787144458723
804	0.968812562650229
804.2	0.968848191545788
804.4	0.968894035402495
804.6	0.968950073037452
804.8	0.969016257898652
805	0.969092518185769
805.2	0.969178757020462
805.4	0.969274852665633
805.6	0.96938065879326
805.8	0.969496004800346
806	0.969620696172655
806.2	0.969754514895822
806.4	0.969897219913538
806.6	0.970048547632462
806.8	0.970208212473559
807	0.970375907469513
807.2	0.970551304907923
807.4	0.970734057019904
807.6	0.970923796713691
807.8	0.971120138352876
808	0.971322678578693
808.2	0.971530997175909
808.4	0.971744657981585
808.6	0.971963209836021
808.8	0.972186187575005
809	0.972413113062431
809.2	0.972643496262153
809.4	0.972876836347797
809.6	0.973112622849177
809.8	0.973350336833607
810	0.973589452120475
810.2	0.973829436557063
810.4	0.974069753383605
810.6	0.974309862443574
810.8	0.974549221469087
811	0.974787287432619
811.2	0.975023517919069
811.4	0.975257372506395
811.6	0.975488314157776
811.8	0.975715810621716
812	0.975939335836297
812.2	0.976158371333502
812.4	0.976372407639502
812.6	0.976580945666443
812.8	0.976783498091362
813	0.97697959071754
813.2	0.977168763813664
813.4	0.977350573425945
813.6	0.977524592658468
813.8	0.97769041291684
814	0.97784764511039
814.2	0.977995920808079
814.4	0.978134893343422
814.6	0.978264238863834
814.8	0.978383657319853
815	0.978492873390025
815.2	0.978591637337217
815.4	0.978679725792611
815.6	0.978756942463596
815.8	0.978823118762353
816	0.978878114352026
816.2	0.978921817607788
816.4	0.978954145990542
816.6	0.978975046331207
816.8	0.978984495024107
817	0.978982498128315
817.2	0.978969091376203
817.4	0.978944340088945
817.6	0.978908338999089
817.8	0.978861211980815
818	0.978803111688874
818.2	0.978734219107644
818.4	0.978654743012208
818.6	0.978564919343644
818.8	0.978465010501285
819	0.97835530455485
819.2	0.978236114379952
819.4	0.978107776720591
819.6	0.977970651182649
819.8	0.977825119162697
820	0.977671582716558
820.2	0.977510463308846
820.4	0.977342200384858
820.6	0.977167250278331
820.8	0.976986084951644
821	0.976799190637154
821.2	0.976607066448731
821.4	0.976410222968607
821.6	0.976209180814938
821.8	0.976004469195215
822	0.975796624450719
822.2	0.975586188597044
822.4	0.975373707865591
822.6	0.975159731250802
822.8	0.974944809067742
823	0.974729491524349
823.2	0.974514327312648
823.4	0.974299862222768
823.6	0.974086637783578
823.8	0.973875189933361
824	0.973666047723622
824.2	0.973459732052588
824.4	0.973256754442964
824.6	0.973057615871695
824.8	0.972862805635227
825	0.9726728002597
825.2	0.972488062458322
825.4	0.972309040137407
825.6	0.972136165452253
825.8	0.971969853913863
826	0.971810503547236
826.2	0.97165849410185
826.4	0.971514186314639
826.6	0.97137792122573
826.8	0.971250019546883
827	0.971130781082646
827.2	0.971020484203811
827.4	0.970919385372952
827.6	0.97082771872145
827.8	0.970745695677504
828	0.970673504644429
828.2	0.970611310728591
828.4	0.970559255516122
828.6	0.970517456897689
828.8	0.970486008940428
829	0.970464981806217
829.2	0.970454421715428
829.4	0.970454350955261
829.6	0.970464767931869
829.8	0.970485647265394
830	0.970516939927098
830.2	0.970558573711613
830.4	0.970610454337356
830.6	0.970672464824512
830.8	0.970744465499612
831	0.970826294332359
831.2	0.970917767310383
831.4	0.971018678851394
831.6	0.971128802252132
831.8	0.971247890173706
832	0.971375675162738
832.2	0.971511870207954
832.4	0.971656169331749
832.6	0.971808248216291
832.8	0.971967764863746
833	0.972134360290228
833.2	0.972307659252974
833.4	0.972487271010324
833.6	0.972672790113988
833.8	0.972863797233052
834	0.973059860009129
834.2	0.973260533942019
834.4	0.973465363305091
834.6	0.97367388208963
834.8	0.973885614977183
835	0.974100078338928
835.2	0.974316781260912
835.4	0.974535226593904
835.6	0.974754912026505
835.8	0.974975331179964
836	0.975195974723075
836.2	0.975416331505285
836.4	0.975635889706135
836.6	0.975854137998826
836.8	0.976070566725686
837	0.976284669083108
837.2	0.976495942313341
837.4	0.976703888900414
837.6	0.976908017767311
837.8	0.977107845471371
838	0.977302897392912
838.2	0.977492708906182
838.4	0.977676826558251
838.6	0.977854809230952
838.8	0.978026229278027
839	0.97819067363995
839.2	0.978347744932718
839.4	0.978497062506938
839.6	0.978638263473508
839.8	0.978771003692108
840	0.978894958718893
840.2	0.979009824242924
840.4	0.979115315540554
840.6	0.9792111696793
840.8	0.979297146734008
841	0.979373030478478
841.2	0.979438629016229
841.4	0.979493775347683
841.6	0.979538327871136
841.8	0.979572170815239
842	0.979595214600862
842.2	0.979607396130576
842.4	0.979608679004188
842.6	0.979599053659179
842.8	0.979578537435026
843	0.979547174560942
843.2	0.97950503606671
843.4	0.979452219616656
843.6	0.979388849267225
843.8	0.97931507514888
844	0.979231073073332
844.2	0.9791370440676
844.4	0.97903321383647
844.6	0.978919832155504
844.8	0.978797172196763
845	0.978665529789949
845.2	0.978525222621699
845.4	0.978376589376197
845.6	0.978219988820346
845.8	0.978055798837068
846	0.977884415410352
846.2	0.977706251565953
846.4	0.977521736271659
846.6	0.977331313301273
846.8	0.977135440066382
847	0.976934586420225
847.2	0.976729233437832
847.4	0.976519872176765
847.6	0.976307002422627
847.8	0.976091131423627
848	0.975872772618268
848.2	0.975652444360301
848.4	0.975430668644833
848.6	0.975207969839529
848.8	0.974984873424499
849	0.974761904744592
849.2	0.974539587777335
849.4	0.974318443919904
849.6	0.974098990798019
849.8	0.973881741099787
850	0.97366720143698
850.2	0.973455871593606
850.4	0.973248244520629
850.6	0.97304480422098
850.8	0.972846024386141
851	0.972652367427907
851.2	0.972464283549303
851.4	0.97228220985595
851.6	0.972106569508906
851.8	0.971937770919807
852	0.971776206989006
852.2	0.971622254387248
852.4	0.971476272882673
852.6	0.971338604718538
852.8	0.971209574021126
853	0.971089486253761
853.2	0.970978627718321
853.4	0.970877265100306
853.6	0.970785645057009
853.8	0.970703993848343
854	0.970632517009732
854.2	0.970571399066442
854.4	0.970520803288707
854.6	0.970480871486865
854.8	0.970451723845815
855	0.970433458797975
855.2	0.970426152933953
855.4	0.97042986095015
855.6	0.970444615632479
855.8	0.970470427875441
856	0.970507286735755
856.2	0.970555159519824
856.4	0.970613991904287
856.6	0.970683708089035
856.8	0.970764210981941
857	0.970855382414801
857.2	0.97095708338984
857.4	0.971069154356289
857.6	0.97119141551656
857.8	0.971323667161558
858	0.97146569003476
858.2	0.971617245724701
858.4	0.971778077085538
858.6	0.971947908685451
858.8	0.972126447282602
859	0.972313382328459
859.2	0.972508386498302
859.4	0.972711116248673
859.6	0.972921212401715
859.8	0.973138300756125
860	0.973361992724645
860.2	0.973591885925546
860.4	0.973827564655486
860.6	0.974068600822072
860.8	0.974314554757615
861	0.974564975985986
861.2	0.974819404014422
861.4	0.975077369149956
861.6	0.975338393339872
861.8	0.97560199103568
862	0.975867670079927
862.2	0.976134932615044
862.4	0.976403276013402
862.6	0.976672193827557
862.8	0.976941176759557
863	0.977209713648166
863.2	0.977477292472514
863.4	0.977743401370734
863.6	0.978007529671966
863.8	0.978269168939877
864	0.978527814025817
864.2	0.978782964129537
864.4	0.979034123865207
864.6	0.979280804330464
864.8	0.979522524175947
865	0.979758810672712
865.2	0.979989200774823
865.4	0.980213242174253
865.6	0.980430494345174
865.8	0.980640529574508
866	0.980842933975802
866.2	0.981037308483026
866.4	0.981223269821256
866.6	0.981400451450875
866.8	0.981568504482021
867	0.981727098556078
867.2	0.981875922690799
867.4	0.982014686081709
867.6	0.982143118862699
867.8	0.982260972829088
868	0.982368022106893
868.2	0.982464063770153
868.4	0.982548918404063
868.6	0.982622430611398
868.8	0.982684469459875
869	0.982734928868304
869.2	0.98277372792956
869.4	0.982800811168667
869.6	0.982816148734532
869.8	0.982819736524116
870	0.982811596238065
870.2	0.982791775358902
870.4	0.982760347043062
870.6	0.982717409992924
870.8	0.982663088242806
871	0.982597530867662
871.2	0.982520911623562
871.4	0.982433428520999
871.6	0.982335303332346
871.8	0.98222678103515
872	0.982108129193071
872.2	0.981979637276656
872.4	0.981841615926309
872.6	0.981694396160079
872.8	0.981538328529079
873	0.98137378222356
873.2	0.981201144132809
873.4	0.981020817862273
873.6	0.980833222711308
873.8	0.980638792615263
874	0.98043797505548
874.2	0.980231229941082
874.4	0.980019028466291
874.6	0.979801851947181
874.8	0.979580190641706
875	0.979354542556835
875.2	0.979125412246681
875.4	0.978893309605314
875.6	0.978658748658036
875.8	0.978422246354683
876	0.978184321368526
876.2	0.977945492904167
876.4	0.977706279517655
876.6	0.977467197952069
876.8	0.977228761991472
877	0.976991481336115
877.2	0.976755860501539
877.4	0.976522397744062
877.6	0.976291584015017
877.8	0.97606390194582
878	0.975839824865822
878.2	0.975619815854776
878.4	0.975404326831436
878.6	0.975193797679707
878.8	0.974988655413622
879	0.974789313382105
879.2	0.974596170514468
879.4	0.974409610607346
879.6	0.974230001653562
879.8	0.974057695213414
880	0.973893025828568
880.2	0.973736310347035
880.4	0.973587847027743
880.6	0.973447915477728
880.8	0.973316776368091
881	0.973194671060303
881.2	0.973081821274069
881.4	0.972978428796265
881.6	0.972884675230331
881.8	0.972800721785451
882	0.972726709104856
882.2	0.972662757132403
882.4	0.972608965016718
882.6	0.972565411052003
882.8	0.972532152656643
883	0.972509226386879
883.2	0.972496647978003
883.4	0.972494412422563
883.6	0.972502494081452
883.8	0.972520846826455
884	0.97254940421337
884.2	0.972588079684839
884.4	0.97263676680207
884.6	0.972695339504716
884.8	0.972763652398052
885	0.972841541066787
885.2	0.972928822414781
885.4	0.973025295030032
885.6	0.973130739574234
885.8	0.97324491919641
886	0.973367579969967
886.2	0.973498451352721
886.4	0.973637246669322
886.6	0.973783663615719
886.8	0.973937384785134
887	0.974098078215181
887.2	0.974265397955755
887.4	0.97443898465731
887.6	0.974618466179142
887.8	0.974803458217402
888	0.974993564952426
888.2	0.975188379715086
888.4	0.975387485671802
888.6	0.975590456527846
888.8	0.975796857248561
889	0.976006244798103
889.2	0.97621816889525
889.4	0.976432172785817
889.6	0.976647794031138
889.8	0.976864565312094
890	0.977082015247979
890.2	0.977299669387348
890.4	0.97751705152803
890.6	0.97773368410346
890.8	0.977949088895765
891	0.978162787917202
891.2	0.978374304301181
891.4	0.978583163201685
891.6	0.978788892699809
891.8	0.978991024716039
892	0.979189095926789
892.2	0.979382648683628
892.4	0.979571231933532
892.6	0.979754402138337
892.8	0.979931724191576
893	0.98010277233071
893.2	0.980267131042661
893.4	0.980424395960567
893.6	0.980574174749485
893.8	0.980716087978777
894	0.980849769978799
894.2	0.980974869679508
894.4	0.981091051428506
894.6	0.981197995786027
894.8	0.9812954002944
895	0.981382980219398
895.2	0.981460469261012
895.4	0.981527620231107
895.6	0.981584205695528
895.8	0.981630018578216
896	0.981664872724958
896.2	0.981688603424501
896.4	0.981701067884853
896.6	0.981702145662627
896.8	0.981691739043543
897	0.981669773372145
897.2	0.981636197329158
897.4	0.981590983154865
897.6	0.981534126817232
897.8	0.981465648123516
898	0.981385590774489
898.2	0.981294022360403
898.4	0.981191034298193
898.6	0.981076741709581
898.8	0.980951283239524
899	0.980814820815289
899.2	0.980667539347565
899.4	0.980509646373125
899.6	0.980341371639958
899.8	0.980162966635906
900	0.979974704062067