Theoretical Spectrum of Semrock FF593-Di03 Optical Filter
The spectrum described by the following ASCII data represents a typical optical filter design for this product.
However, note that from time to time Semrock makes minor modifications to its optical filter designs for purposes such as improved
manufacturability that do not affect the ability for the filter to meet its stated specifications.
User Specifications:
Starting Wavelength: 200(nm)
Ending Wavelength: 900(nm)
AOI: 45
CHA: 
Polarization: Avg
Plot Type: Transmission
 
Data format:  Wavelength (nm) <tab> Transmission (0 to 1)
200	1e-07
200.2	1e-07
200.4	1e-07
200.6	1e-07
200.8	1e-07
201	1e-07
201.2	1e-07
201.4	1e-07
201.6	1e-07
201.8	1e-07
202	1e-07
202.2	1e-07
202.4	1e-07
202.6	1e-07
202.8	1e-07
203	1e-07
203.2	1e-07
203.4	1e-07
203.6	1e-07
203.8	1e-07
204	1e-07
204.2	1e-07
204.4	1e-07
204.6	1e-07
204.8	1e-07
205	1e-07
205.2	1e-07
205.4	1e-07
205.6	1e-07
205.8	1e-07
206	1e-07
206.2	1e-07
206.4	1e-07
206.6	1e-07
206.8	1e-07
207	1e-07
207.2	1e-07
207.4	1e-07
207.6	1e-07
207.8	1e-07
208	1e-07
208.2	1e-07
208.4	1e-07
208.6	1e-07
208.8	1e-07
209	1e-07
209.2	1e-07
209.4	1e-07
209.6	1e-07
209.8	1e-07
210	1e-07
210.2	1e-07
210.4	1e-07
210.6	1e-07
210.8	1e-07
211	1e-07
211.2	1e-07
211.4	1e-07
211.6	1e-07
211.8	1e-07
212	1e-07
212.2	1e-07
212.4	1e-07
212.6	1e-07
212.8	1e-07
213	1e-07
213.2	1e-07
213.4	1e-07
213.6	1e-07
213.8	1e-07
214	1e-07
214.2	1e-07
214.4	1e-07
214.6	1e-07
214.8	1e-07
215	1e-07
215.2	1e-07
215.4	1e-07
215.6	1e-07
215.8	1e-07
216	1e-07
216.2	1e-07
216.4	1e-07
216.6	1e-07
216.8	1e-07
217	1e-07
217.2	1e-07
217.4	1e-07
217.6	1e-07
217.8	1e-07
218	1e-07
218.2	1e-07
218.4	1e-07
218.6	1e-07
218.8	1e-07
219	1e-07
219.2	1e-07
219.4	1e-07
219.6	1e-07
219.8	1e-07
220	1e-07
220.2	1e-07
220.4	1e-07
220.6	1e-07
220.8	1e-07
221	1e-07
221.2	1e-07
221.4	1e-07
221.6	1e-07
221.8	1e-07
222	1e-07
222.2	1e-07
222.4	1e-07
222.6	1e-07
222.8	1e-07
223	1e-07
223.2	1e-07
223.4	1e-07
223.6	1e-07
223.8	1e-07
224	1e-07
224.2	1e-07
224.4	1e-07
224.6	1e-07
224.8	1e-07
225	1e-07
225.2	1e-07
225.4	1e-07
225.6	1e-07
225.8	1e-07
226	1e-07
226.2	1e-07
226.4	1e-07
226.6	1e-07
226.8	1e-07
227	1e-07
227.2	1e-07
227.4	1e-07
227.6	1e-07
227.8	1e-07
228	1e-07
228.2	1e-07
228.4	1e-07
228.6	1e-07
228.8	1e-07
229	1e-07
229.2	1e-07
229.4	1e-07
229.6	1e-07
229.8	1e-07
230	1e-07
230.2	1e-07
230.4	1e-07
230.6	1e-07
230.8	1e-07
231	1e-07
231.2	1e-07
231.4	1e-07
231.6	1e-07
231.8	1e-07
232	1e-07
232.2	1e-07
232.4	1e-07
232.6	1e-07
232.8	1e-07
233	1e-07
233.2	1e-07
233.4	1e-07
233.6	1e-07
233.8	1e-07
234	1e-07
234.2	1e-07
234.4	1e-07
234.6	1e-07
234.8	1e-07
235	1e-07
235.2	1e-07
235.4	1e-07
235.6	1e-07
235.8	1e-07
236	1e-07
236.2	1e-07
236.4	1e-07
236.6	1e-07
236.8	1e-07
237	1e-07
237.2	1e-07
237.4	1e-07
237.6	1e-07
237.8	1e-07
238	1e-07
238.2	1e-07
238.4	1e-07
238.6	1e-07
238.8	1e-07
239	1e-07
239.2	1e-07
239.4	1e-07
239.6	1e-07
239.8	1e-07
240	1e-07
240.2	1e-07
240.4	1e-07
240.6	1e-07
240.8	1e-07
241	1e-07
241.2	1e-07
241.4	1e-07
241.6	1e-07
241.8	1e-07
242	1e-07
242.2	1e-07
242.4	1e-07
242.6	1e-07
242.8	1e-07
243	1e-07
243.2	1e-07
243.4	1e-07
243.6	1e-07
243.8	1e-07
244	1e-07
244.2	1e-07
244.4	1e-07
244.6	1e-07
244.8	1e-07
245	1e-07
245.2	1e-07
245.4	1e-07
245.6	1e-07
245.8	1e-07
246	1e-07
246.2	1e-07
246.4	1e-07
246.6	1e-07
246.8	1e-07
247	1e-07
247.2	1e-07
247.4	1e-07
247.6	1e-07
247.8	1e-07
248	1e-07
248.2	1e-07
248.4	1e-07
248.6	1e-07
248.8	1e-07
249	1e-07
249.2	1e-07
249.4	1e-07
249.6	1e-07
249.8	1e-07
250	1e-07
250.2	1e-07
250.4	1e-07
250.6	1e-07
250.8	1e-07
251	1e-07
251.2	1e-07
251.4	1e-07
251.6	1e-07
251.8	1e-07
252	1e-07
252.2	1e-07
252.4	1e-07
252.6	1e-07
252.8	1e-07
253	1e-07
253.2	1e-07
253.4	1e-07
253.6	1e-07
253.8	1e-07
254	1e-07
254.2	1e-07
254.4	1e-07
254.6	1e-07
254.8	1e-07
255	1e-07
255.2	1e-07
255.4	1e-07
255.6	1e-07
255.8	1e-07
256	1e-07
256.2	1e-07
256.4	1e-07
256.6	1e-07
256.8	1e-07
257	1e-07
257.2	1e-07
257.4	1e-07
257.6	1e-07
257.8	1e-07
258	1e-07
258.2	1e-07
258.4	1e-07
258.6	1e-07
258.8	1e-07
259	1e-07
259.2	1e-07
259.4	1e-07
259.6	1e-07
259.8	1e-07
260	1e-07
260.2	1e-07
260.4	1e-07
260.6	1e-07
260.8	1e-07
261	1e-07
261.2	1e-07
261.4	1e-07
261.6	1e-07
261.8	1e-07
262	1e-07
262.2	1e-07
262.4	1e-07
262.6	1e-07
262.8	1e-07
263	1e-07
263.2	1e-07
263.4	1e-07
263.6	1e-07
263.8	1e-07
264	1e-07
264.2	1e-07
264.4	1e-07
264.6	1e-07
264.8	1e-07
265	1e-07
265.2	1e-07
265.4	1e-07
265.6	1e-07
265.8	1e-07
266	1e-07
266.2	1e-07
266.4	1e-07
266.6	1e-07
266.8	1e-07
267	1e-07
267.2	1e-07
267.4	1e-07
267.6	1e-07
267.8	1e-07
268	1e-07
268.2	1e-07
268.4	1e-07
268.6	1e-07
268.8	1e-07
269	1e-07
269.2	1e-07
269.4	1e-07
269.6	1e-07
269.8	1e-07
270	1e-07
270.2	1e-07
270.4	1e-07
270.6	1e-07
270.8	1e-07
271	1e-07
271.2	1e-07
271.4	1e-07
271.6	1e-07
271.8	1e-07
272	1e-07
272.2	1e-07
272.4	1e-07
272.6	1e-07
272.8	1e-07
273	1e-07
273.2	1e-07
273.4	1e-07
273.6	1e-07
273.8	1e-07
274	1e-07
274.2	1e-07
274.4	1e-07
274.6	1e-07
274.8	1e-07
275	1e-07
275.2	1e-07
275.4	1e-07
275.6	1e-07
275.8	1e-07
276	1e-07
276.2	1e-07
276.4	1e-07
276.6	1e-07
276.8	1e-07
277	1e-07
277.2	1e-07
277.4	1e-07
277.6	1e-07
277.8	1e-07
278	1e-07
278.2	1e-07
278.4	1e-07
278.6	1e-07
278.8	1e-07
279	1e-07
279.2	1e-07
279.4	1e-07
279.6	1e-07
279.8	1e-07
280	1e-07
280.2	1e-07
280.4	1e-07
280.6	1e-07
280.8	1e-07
281	1e-07
281.2	1e-07
281.4	1e-07
281.6	1e-07
281.8	1e-07
282	1e-07
282.2	1e-07
282.4	1e-07
282.6	1e-07
282.8	1e-07
283	1e-07
283.2	1e-07
283.4	1e-07
283.6	1e-07
283.8	1e-07
284	1e-07
284.2	1e-07
284.4	1e-07
284.6	1e-07
284.8	1e-07
285	1e-07
285.2	1e-07
285.4	1e-07
285.6	1e-07
285.8	1e-07
286	1e-07
286.2	1e-07
286.4	1e-07
286.6	1e-07
286.8	1e-07
287	1e-07
287.2	1e-07
287.4	1e-07
287.6	1e-07
287.8	1e-07
288	1e-07
288.2	1e-07
288.4	1e-07
288.6	1e-07
288.8	1e-07
289	1e-07
289.2	1e-07
289.4	1e-07
289.6	1e-07
289.8	1e-07
290	1e-07
290.2	1e-07
290.4	1e-07
290.6	1e-07
290.8	1e-07
291	1e-07
291.2	1e-07
291.4	1e-07
291.6	1e-07
291.8	1e-07
292	1e-07
292.2	1e-07
292.4	1e-07
292.6	1e-07
292.8	1e-07
293	1e-07
293.2	1e-07
293.4	1e-07
293.6	1e-07
293.8	1e-07
294	1e-07
294.2	1e-07
294.4	1e-07
294.6	1e-07
294.8	1e-07
295	1e-07
295.2	1e-07
295.4	1e-07
295.6	1e-07
295.8	1e-07
296	1e-07
296.2	1e-07
296.4	1e-07
296.6	1e-07
296.8	1e-07
297	1e-07
297.2	1e-07
297.4	1e-07
297.6	1e-07
297.8	1e-07
298	1e-07
298.2	1e-07
298.4	1e-07
298.6	1e-07
298.8	1e-07
299	1e-07
299.2	1e-07
299.4	1e-07
299.6	1e-07
299.8	1e-07
300	1e-07
300.2	1e-07
300.4	1e-07
300.6	1e-07
300.8	1e-07
301	1e-07
301.2	1e-07
301.4	1e-07
301.6	1e-07
301.8	1e-07
302	1e-07
302.2	1e-07
302.4	1e-07
302.6	1e-07
302.8	1e-07
303	1e-07
303.2	1e-07
303.4	1e-07
303.6	1e-07
303.8	1e-07
304	1e-07
304.2	1e-07
304.4	1e-07
304.6	1e-07
304.8	1e-07
305	1e-07
305.2	1e-07
305.4	1e-07
305.6	1e-07
305.8	1e-07
306	1e-07
306.2	1e-07
306.4	1e-07
306.6	1e-07
306.8	1e-07
307	1e-07
307.2	1e-07
307.4	1e-07
307.6	1e-07
307.8	1e-07
308	1e-07
308.2	1e-07
308.4	1e-07
308.6	1e-07
308.8	1e-07
309	1e-07
309.2	1e-07
309.4	1e-07
309.6	1e-07
309.8	1e-07
310	1e-07
310.2	1e-07
310.4	1e-07
310.6	1e-07
310.8	1e-07
311	1e-07
311.2	1e-07
311.4	1e-07
311.6	1e-07
311.8	1e-07
312	1e-07
312.2	1e-07
312.4	1e-07
312.6	1e-07
312.8	1e-07
313	1e-07
313.2	1e-07
313.4	1e-07
313.6	1e-07
313.8	1e-07
314	1e-07
314.2	1e-07
314.4	1e-07
314.6	1e-07
314.8	1e-07
315	1e-07
315.2	1e-07
315.4	1e-07
315.6	1e-07
315.8	1e-07
316	1e-07
316.2	1e-07
316.4	1e-07
316.6	1e-07
316.8	1e-07
317	1e-07
317.2	1e-07
317.4	1e-07
317.6	1e-07
317.8	1e-07
318	1e-07
318.2	1e-07
318.4	1e-07
318.6	1e-07
318.8	1e-07
319	1e-07
319.2	1e-07
319.4	1e-07
319.6	1e-07
319.8	1e-07
320	1e-07
320.2	1e-07
320.4	1e-07
320.6	1e-07
320.8	1e-07
321	1e-07
321.2	1e-07
321.4	1e-07
321.6	1e-07
321.8	1e-07
322	1e-07
322.2	1e-07
322.4	1e-07
322.6	1e-07
322.8	1e-07
323	1e-07
323.2	1e-07
323.4	1e-07
323.6	1e-07
323.8	1e-07
324	1e-07
324.2	1e-07
324.4	1e-07
324.6	1e-07
324.8	1e-07
325	1e-07
325.2	1e-07
325.4	1e-07
325.6	1e-07
325.8	1e-07
326	1e-07
326.2	1e-07
326.4	1e-07
326.6	1e-07
326.8	1e-07
327	1e-07
327.2	1e-07
327.4	1e-07
327.6	1e-07
327.8	1e-07
328	1e-07
328.2	1e-07
328.4	1e-07
328.6	1e-07
328.8	1e-07
329	1e-07
329.2	1e-07
329.4	1e-07
329.6	1e-07
329.8	1e-07
330	1e-07
330.2	1e-07
330.4	1e-07
330.6	1e-07
330.8	1e-07
331	1.19348756827394e-07
331.2	1.54992436838044e-07
331.4	1.99217269428747e-07
331.6	2.53726412431933e-07
331.8	3.2133935246459e-07
332	4.07209595709838e-07
332.2	5.20510751368083e-07
332.4	6.76852514798539e-07
332.6	9.02280852629771e-07
332.8	1.24053286932382e-06
333	1.76653993520127e-06
333.2	2.61180471048336e-06
333.4	4.01269340105773e-06
333.6	6.40399621502424e-06
333.8	1.06046656401694e-05
334	1.81990986730382e-05
334.2	3.23555445218312e-05
334.4	5.96813563717087e-05
334.6	0.000114690532014024
334.8	0.000231256497518456
335	0.000493913622904668
335.2	0.00112917868654906
335.4	0.00279099421235675
335.6	0.00753170323828018
335.8	0.0225352263054992
336	0.07450914225451
336.2	0.171904912354324
336.4	0.117582132517619
336.6	0.0622133289792876
336.8	0.0396938069526606
337	0.0298595019222014
337.2	0.0249616290414372
337.4	0.0218195715694724
337.6	0.0188378233494255
337.8	0.01555109281724
338	0.0123785921608391
338.2	0.00984027574556812
338.4	0.00809795261240054
338.6	0.00707548893021428
338.8	0.00667138077757259
339	0.00687278883684931
339.2	0.00783917859235003
339.4	0.0100880155203478
339.6	0.0151093484732015
339.8	0.0278553772670312
340	0.0696496377044264
340.2	0.211482807995855
340.4	0.148498449561528
340.6	0.0558901308076323
340.8	0.0274835176133783
341	0.0154608080177399
341.2	0.00888898646546809
341.4	0.00505959523906879
341.6	0.00291061401211166
341.8	0.00174358535379765
342	0.0011082684750279
342.2	0.000753202145942653
342.4	0.000548146850780412
342.6	0.0004267632015144
342.8	0.000354909275539811
343	0.000314835618875755
343.2	0.000297515700660059
343.4	0.000298836477743035
343.6	0.000317260402440555
343.8	0.000350865134066709
344	0.000391051584785794
344.2	0.000414107376395732
344.4	0.000390633124491859
344.6	0.000323465563985415
344.8	0.000247474708999536
345	0.000186802390713849
345.2	0.000145188222036029
345.4	0.000118555204740113
345.6	0.000102519199040269
345.8	9.41666848745145e-05
346	9.20350696628603e-05
346.2	9.59272570340372e-05
346.4	0.000107026229800994
346.6	0.000128614916513688
346.8	0.000168126951234991
347	0.000242545048970933
347.2	0.000395911915456907
347.4	0.00076109938005527
347.6	0.00183495874525426
347.8	0.00570814928808276
348	0.0118106164166286
348.2	0.00813369962783031
348.4	0.00618092048351913
348.6	0.00712148621697506
348.8	0.0111964179058746
349	0.00805614043132068
349.2	0.00244261425356047
349.4	0.000908729431335853
349.6	0.000438768841379285
349.8	0.00025627834415377
350	0.000173161755019399
350.2	0.000132779881089451
350.4	0.000125311978577534
350.6	0.000118818841040142
350.8	0.000108573682099396
351	0.000122373801832134
351.2	0.000175823079035946
351.4	0.000231372373979329
351.6	0.000425365471676827
351.8	0.00113715912845688
352	0.00598084252978946
352.2	0.00805025638158679
352.4	0.00254712383643129
352.6	0.0019284420467989
352.8	0.00362637644026491
353	0.00912969388487832
353.2	0.00061471030690543
353.4	0.000124688999130425
353.6	4.11648335318803e-05
353.8	1.74955326774306e-05
354	8.73282027529928e-06
354.2	4.89130957500798e-06
354.4	2.99536531641865e-06
354.6	1.97337005326534e-06
354.8	1.38391144401456e-06
355	1.02583651096957e-06
355.2	8.00003664735265e-07
355.4	6.54504081187075e-07
355.6	5.6100403849346e-07
355.8	5.03864874769159e-07
356	4.7502097246433e-07
356.2	4.71832466528004e-07
356.4	4.97042300390035e-07
356.6	5.61464244722075e-07
356.8	6.93082096249147e-07
357	9.67933510246198e-07
357.2	1.64425373532888e-06
357.4	4.12237901502542e-06
357.6	4.01108347107343e-05
357.8	1.95132138053961e-05
358	2.4003603158376e-06
358.2	8.29327656974334e-07
358.4	4.02592118531966e-07
358.6	2.33220760480599e-07
358.8	1.51069964714964e-07
359	1.0590778410374e-07
359.2	1e-07
359.4	1e-07
359.6	1e-07
359.8	1e-07
360	1e-07
360.2	1e-07
360.4	1e-07
360.6	1e-07
360.8	1e-07
361	1e-07
361.2	1e-07
361.4	1e-07
361.6	1e-07
361.8	1e-07
362	1e-07
362.2	1e-07
362.4	1e-07
362.6	1e-07
362.8	1e-07
363	1e-07
363.2	1e-07
363.4	1.20068412296466e-07
363.6	1.58361450992247e-07
363.8	2.15201022784512e-07
364	3.02184650192672e-07
364.2	4.40109986382613e-07
364.4	6.68128133938038e-07
364.6	1.06435802740649e-06
364.8	1.79625526101174e-06
365	3.25715829815807e-06
365.2	6.4924236221638e-06
365.4	1.49072617119342e-05
365.6	4.17639676911143e-05
365.8	0.00017646298122015
366	0.00287731115829545
366.2	0.00148723731070265
366.4	0.000410614780333318
366.6	0.000268517448979799
366.8	0.000248726059556728
367	0.000285001901701059
367.2	0.000383834382844004
367.4	0.000592715219618667
367.6	0.00102237183791665
367.8	0.00184663543882009
368	0.00302414779068264
368.2	0.00390042288157492
368.4	0.00410194958556342
368.6	0.00388454693959463
368.8	0.00295545294533507
369	0.0019198739963661
369.2	0.00115452749489616
369.4	0.000712215384731844
369.6	0.000472141066965581
369.8	0.00034013193012081
370	0.000265838668533727
370.2	0.000224268069153249
370.4	0.000203092863337684
370.6	0.000196645261084684
370.8	0.000203377051831459
371	0.000224798673180059
371.2	0.000265410723433644
371.4	0.000332705792921832
371.6	0.000433050224392326
371.8	0.000551460331421768
372	0.000618807631280363
372.2	0.000568257372519716
372.4	0.000449944236061164
372.6	0.000343232690739847
372.8	0.000272955125944062
373	0.000238367603655148
373.2	0.000235059704606829
373.4	0.000230753595799819
373.6	0.000211778103730568
373.8	0.000204967112636547
374	0.000215224635741348
374.2	0.000244002768437103
374.4	0.000298377503587674
374.6	0.000396783150418597
374.8	0.000591564569959003
375	0.00115520061386724
375.2	0.00538143309056796
375.4	0.0018754330597641
375.6	0.00158671037720174
375.8	0.00135354540553229
376	0.00110178980910194
376.2	0.000922322351439562
376.4	0.000829166692132742
376.6	0.000815558304034387
376.8	0.000851543434395539
377	0.000852161663568444
377.2	0.000882467949285336
377.4	0.00102950948711228
377.6	0.00134008537780379
377.8	0.00193626635325205
378	0.00312617774794559
378.2	0.00563509243099061
378.4	0.0104437673920526
378.6	0.0144364373197246
378.8	0.0119231932780344
379	0.0082681571869125
379.2	0.00618187537458461
379.4	0.00523046782286834
379.6	0.00499548324750824
379.8	0.00535272806101591
380	0.00637812220034476
380.2	0.00824750658520978
380.4	0.0112701349360803
380.6	0.014338906455846
380.8	0.0138421545018867
381	0.0101129305124922
381.2	0.00681292352595781
381.4	0.00480156511269812
381.6	0.00367007249539201
381.8	0.00305417598810606
382	0.00276100051904145
382.2	0.00269565613082411
382.4	0.00278500015460604
382.6	0.00307954425358195
382.8	0.00369580980633735
383	0.0048017669421521
383.2	0.00667534509266176
383.4	0.0094752666199402
383.6	0.0121180128250328
383.8	0.0119845911006217
384	0.00941434080680601
384.2	0.00691859902960325
384.4	0.00528775922108466
384.6	0.00435561918695077
384.8	0.00389753869918878
385	0.00379387026382373
385.2	0.00402471004648828
385.4	0.00467137467598723
385.6	0.00596233574597443
385.8	0.00833996091505364
386	0.0120461851896517
386.2	0.0144939946690255
386.4	0.0114946311257923
386.6	0.00706332350166269
386.8	0.00431795197764839
387	0.00285699811414557
387.2	0.0020629700514643
387.4	0.00161232991636615
387.6	0.00135161995257683
387.8	0.00120688424094116
388	0.00114228627241655
388.2	0.00114209295787153
388.4	0.00120263746154609
388.6	0.00132776287162791
388.8	0.001522174311405
389	0.00177337932887444
389.2	0.00201328398059381
389.4	0.00209758135407231
389.6	0.00191950335587707
389.8	0.00156401648761589
390	0.00120038307298121
390.2	0.000914505005959461
390.4	0.000712696973027481
390.6	0.000575632786923411
390.8	0.000483914006388356
391	0.000423659361124577
391.2	0.000385993078877379
391.4	0.000365643378406452
391.6	0.000359884106059206
391.8	0.000367951002866119
392	0.000390870517974169
392.2	0.000431665468739649
392.4	0.000495957096409526
392.6	0.000592974242824719
392.8	0.00073666339828
393	0.000944548826065841
393.2	0.00121769206890596
393.4	0.00149104006779774
393.6	0.00166715471249093
393.8	0.00164915849947562
394	0.00146257097562714
394.2	0.00122601360385661
394.4	0.0010206721522915
394.6	0.000869090749766275
394.8	0.000767711563381598
395	0.000708296853953167
395.2	0.000683452517046817
395.4	0.000679585271889158
395.6	0.000692359913444897
395.8	0.000738515169379361
396	0.000827519468668656
396.2	0.000972732700814194
396.4	0.00120031252004816
396.6	0.00155692210822785
396.8	0.00212115658313137
397	0.00300763300600123
397.2	0.00430064258747666
397.4	0.00576416899368735
397.6	0.00655950249382118
397.8	0.00615454443900941
398	0.0051576211891543
398.2	0.00424240605869775
398.4	0.00360664956742644
398.6	0.00323150139036425
398.8	0.00306891783029634
399	0.003093149026445
399.2	0.0033104344052881
399.4	0.00376661952443886
399.6	0.00456459077457883
399.8	0.00588932085272484
400	0.00800175449017697
400.2	0.0109710424733973
400.4	0.0136620026565695
400.6	0.0135728679241521
400.8	0.0108024244106591
401	0.00785181221489941
401.2	0.00576625243126578
401.4	0.00444981821945537
401.6	0.00364088411470874
401.8	0.00315556412869209
402	0.0028879737498735
402.2	0.00278296253484393
402.4	0.00281803313052702
402.6	0.00299487330598847
402.8	0.00333723768629607
403	0.00389157055536242
403.2	0.00472162288560241
403.4	0.00586901321007523
403.6	0.00721696923114143
403.8	0.00826494360761633
404	0.00828561287084563
404.2	0.0072108111125496
404.4	0.00575035804533771
404.6	0.00447694116947689
404.8	0.00353952287307962
405	0.00289191179025977
405.2	0.0024558989518882
405.4	0.0021694474992268
405.6	0.00199137996237418
405.8	0.00189673695810285
406	0.0018722321537019
406.2	0.00191345959128586
406.4	0.00202379093335469
406.6	0.00221476830213227
406.8	0.00250797510581289
407	0.00293845079249713
407.2	0.00355923216005114
407.4	0.00444415806776431
407.6	0.00567795282813104
407.8	0.00730338876941861
408	0.00918016106898441
408.2	0.0108113532525852
408.4	0.0115048968233599
408.6	0.0110302969251552
408.8	0.00984298559122763
409	0.0085233045376591
409.2	0.0073827831643205
409.4	0.00650136132784636
409.6	0.00585888191513747
409.8	0.00541022187211072
410	0.00511251251828027
410.2	0.00493148331154197
410.4	0.00484109652355274
410.6	0.00482183308701234
410.8	0.00485933548052646
411	0.00494381024498715
411.2	0.00507011752072403
411.4	0.00523827734070754
411.6	0.00545407395970518
411.8	0.00572951694860911
412	0.00608303376233347
412.2	0.00653922260938875
412.4	0.00712748916672645
412.6	0.00787751015613557
412.8	0.00880672443059994
413	0.00989146646873586
413.2	0.0110153200597374
413.4	0.0119166689468866
413.6	0.0122271338000875
413.8	0.0116961105605065
414	0.0104374536913867
414.2	0.00885220667475039
414.4	0.00731900895840323
414.6	0.00603020903169965
414.8	0.00502546577665407
415	0.00427388959210952
415.2	0.00372727802705417
415.4	0.00334265939498515
415.6	0.00308939678533204
415.8	0.00295228337144846
416	0.00293947457978534
416.2	0.00309194348660845
416.4	0.0032827002161491
416.6	0.00331086577564327
416.8	0.00350621446706424
417	0.00391685423602199
417.2	0.00456133855098122
417.4	0.00550632511535436
417.6	0.00685005509322613
417.8	0.00867670621042629
418	0.0109134676555691
418.2	0.013061876807912
418.4	0.0141633491393329
418.6	0.013616731665297
418.8	0.011920741555492
419	0.00999421290197031
419.2	0.00836591016320812
419.4	0.00716288492462052
419.6	0.00634591562155447
419.8	0.00584392328478544
420	0.00559399518030095
420.2	0.00554855768567111
420.4	0.00569289194563871
420.6	0.00605692621663591
420.8	0.00669801773045016
421	0.00768797307930219
421.2	0.00909405975423238
421.4	0.0108954849225085
421.6	0.0127730028819573
421.8	0.0139081117075255
422	0.013436508938274
422.2	0.0115120883234627
422.4	0.00915197961947236
422.6	0.00711219469887426
422.8	0.00559541436968343
423	0.00454101448967676
423.2	0.00384250486993522
423.4	0.00342446875800573
423.6	0.00326751528427054
423.8	0.00344105266089073
424	0.00417644551317268
424.2	0.00580661389942715
424.4	0.00750991943824272
424.6	0.00734216703592034
424.8	0.00636591869390429
425	0.00569325183239336
425.2	0.00536207691231903
425.4	0.00526915638378136
425.6	0.00542249216541403
425.8	0.00591819392928773
426	0.00684863597979537
426.2	0.00822577130558278
426.4	0.00987139706242244
426.6	0.0112791557722817
426.8	0.011769256147387
427	0.011108391269941
427.2	0.00975051418394335
427.4	0.00829229043493902
427.6	0.00705683418081062
427.8	0.00612374324771233
428	0.00546864806817484
428.2	0.00504383875670224
428.4	0.00480542117754521
428.6	0.00471761750706674
428.8	0.0047588658359222
429	0.0049389214167784
429.2	0.00529860176880935
429.4	0.0058916863511606
429.6	0.0067823716360063
429.8	0.00804448995607963
430	0.00972522287164868
430.2	0.0117248844746094
430.4	0.0135801679592085
430.6	0.0144266664599543
430.8	0.0136644897461768
431	0.0117033976957556
431.2	0.00946424030810001
431.4	0.00753158481997819
431.6	0.00605302949925626
431.8	0.00497559770298635
432	0.00420391204083136
432.2	0.00365522529380211
432.4	0.00326919944356779
432.6	0.00300471017189522
432.8	0.00283483029616056
433	0.0027428291373302
433.2	0.00271952814636883
433.4	0.00276178965174558
433.6	0.00287187132933161
433.8	0.00305735093446296
434	0.0033309978246615
434.2	0.00370981498067688
434.4	0.00421694706839335
434.6	0.00489224560025823
434.8	0.0057931207726176
435	0.0069796077409691
435.2	0.00849242200407573
435.4	0.0103030034173423
435.6	0.0122271108380014
435.8	0.0138658860073769
436	0.0147306653075379
436.2	0.0145775152060736
436.4	0.0135996083175333
436.6	0.0122264050613905
436.8	0.010823135604766
437	0.00958264779050217
437.2	0.00856591155172874
437.4	0.00776759528161357
437.6	0.0071585650023224
437.8	0.00670578628232005
438	0.006379579768072
438.2	0.00615524400860137
438.4	0.00601256831778972
438.6	0.00593476172447866
438.8	0.00590740510719083
439	0.00591766166180911
439.2	0.00595383757663506
439.4	0.00600531425352559
439.6	0.00606281025224251
439.8	0.00611885805735377
440	0.00616831698794953
440.2	0.0062087251333737
440.4	0.00624034396865398
440.6	0.00626585654234693
440.8	0.00628979631929198
441	0.00631785671219859
441.2	0.00635623743125587
441.4	0.00641113689559175
441.6	0.00648843397060872
441.8	0.00659354703345508
442	0.00673142697250329
442.2	0.00690663106060634
442.4	0.0071234264111098
442.6	0.0073858811358506
442.8	0.00769789887146048
443	0.00806314155684767
443.2	0.00848476450264507
443.4	0.00896484915212782
443.6	0.00950336943012637
443.8	0.0100964826678913
444	0.0107339415218662
444.2	0.0113955801533516
444.4	0.0120473071105236
444.6	0.0126380084452107
444.8	0.013100106705878
445	0.0133573153309544
445.2	0.0133415018097587
445.4	0.0130151331449717
445.6	0.0123888971329735
445.8	0.0115229063888472
446	0.010508957740717
446.2	0.00944379460953488
446.4	0.00840724369577464
446.6	0.00745249686518068
446.8	0.00660711666047862
447	0.00587945248792538
447.2	0.00526591128964356
447.4	0.0047568061277803
447.6	0.00434026662428405
447.8	0.00400452305250703
448	0.00373907944041082
448.2	0.0035352242515888
448.4	0.00338619559998011
448.6	0.00328720337639485
448.8	0.00323542985708869
449	0.00323006853397774
449.2	0.0032723705047809
449.4	0.00336542670316942
449.6	0.00351278978062105
449.8	0.00371413531972923
450	0.00395768995000396
450.2	0.00421838336710376
450.4	0.00447357872188633
450.6	0.00471762060985521
450.8	0.00495084145957044
451	0.00516333070659444
451.2	0.00533342705535782
451.4	0.00543639544880148
451.6	0.0054554550455246
451.8	0.00539006462312675
452	0.00525776197283046
452.2	0.00508884985232554
452.4	0.00491648759664581
452.6	0.00476483015152667
452.8	0.00463634496024004
453	0.00450495300140614
453.2	0.00433401051163902
453.4	0.00411735430103664
453.6	0.0038899873816453
453.8	0.00369402014993861
454	0.00355336433692296
454.2	0.00347528274495155
454.4	0.00345982158865409
454.6	0.00350605357843899
454.8	0.00361476360195387
455	0.00378936527868662
455.2	0.00403615269615795
455.4	0.00436428511799466
455.6	0.00478549060893842
455.8	0.00531316685627947
456	0.00596018907119557
456.2	0.0067342812918428
456.4	0.00762960677996211
456.6	0.00861435368388328
456.8	0.00961819053907574
457	0.0105304340217731
457.2	0.0112227324298296
457.4	0.0115964692416692
457.6	0.0116276517698901
457.8	0.0113741833480364
458	0.0109420760726242
458.2	0.0104409188938122
458.4	0.00995635380452747
458.6	0.0095441452955987
458.8	0.00923650279766004
459	0.0090512256415953
459.2	0.00899896808842189
459.4	0.00908761748561028
459.6	0.00932429233658833
459.8	0.00971539370434928
460	0.0102644097404972
460.2	0.0109664763792768
460.4	0.0117985041299493
460.6	0.0127048943344769
460.8	0.0135832311739436
461	0.0142825658872157
461.2	0.0146325809246884
461.4	0.0145081199376033
461.6	0.0138950575555689
461.8	0.0129021573283713
462	0.0117056057868553
462.2	0.010474026470861
462.4	0.00932429169256147
462.6	0.00831647167474271
462.8	0.00746914758085373
463	0.00677738379625854
463.2	0.00622587718254672
463.4	0.00579660125268501
463.6	0.0054725285569432
463.8	0.00523906019274541
464	0.00508426019475576
464.2	0.00499850331615143
464.4	0.00497382218310719
464.6	0.00500305493921048
464.8	0.00507880307276023
465	0.0051921921298886
465.2	0.00533149883402387
465.4	0.00548089668309686
465.6	0.00561987065435259
465.8	0.00572412206543298
466	0.00576869362507181
466.2	0.0057332085355392
466.4	0.00560761621880693
466.6	0.00539570278202759
466.8	0.0051142434080778
467	0.00478806778921277
467.2	0.00444356993917269
467.4	0.00410348891167594
467.6	0.00378433717212818
467.8	0.00349621941090646
468	0.00324402142840801
468.2	0.00302901350425202
468.4	0.00285030502284784
468.6	0.00270594248785417
468.8	0.00259364820476924
469	0.00251127737757517
469.2	0.00245708302074599
469.4	0.00242986243297081
469.6	0.00242903761636095
469.8	0.00245470325256525
470	0.00250766126448345
470.2	0.00258944941753968
470.4	0.00270236062998125
470.6	0.00284943696380082
470.8	0.00303440461606363
471	0.00326149055046464
471.2	0.00353502592637996
471.4	0.00385869841390184
471.6	0.00423427623000126
471.8	0.00465962585427192
472	0.00512597672820875
472.2	0.00561481926574261
472.4	0.00609566856464505
472.6	0.00652687424262622
472.8	0.00686167993196705
473	0.00705956228457231
473.2	0.00709879833931112
473.4	0.00698356331328148
473.6	0.006741336520583
473.8	0.00641262620811631
474	0.00603918005345502
474.2	0.00565581004204459
474.4	0.00528722799121375
474.6	0.00494854619739826
474.8	0.00464745251613579
475	0.00438663668259647
475.2	0.00416580129721409
475.4	0.00398309631125415
475.6	0.00383604756324848
475.8	0.00372211409482366
476	0.00363899913178888
476.2	0.00358480806196659
476.4	0.00355811553431816
476.6	0.00355797940281525
476.8	0.0035839214957438
477	0.00363588228275278
477.2	0.00371414616312411
477.4	0.00381922445009614
477.6	0.00395167295175527
477.8	0.0041118101889686
478	0.00429929268050466
478.2	0.00451250104535763
478.4	0.00474770625039198
478.6	0.00499803769486103
478.8	0.00525239007802142
479	0.00549460829263741
479.2	0.00570355380847928
479.4	0.00585481635206571
479.6	0.0059245611942838
479.8	0.00589503765329399
480	0.00575991584518121
480.2	0.00552691718932064
480.4	0.00521616728860359
480.6	0.00485495743092511
480.8	0.00447140197284299
481	0.00408949698629566
481.2	0.0037267180533028
481.4	0.00339387229681136
481.6	0.00309626194029721
481.8	0.00283527010847192
482	0.00260982628810752
482.2	0.00241753465889868
482.4	0.00225544638802059
482.6	0.00212054149759256
482.8	0.00201000370614907
483	0.00192136045665885
483.2	0.00185254141508149
483.4	0.00180189121600883
483.6	0.00176815881251768
483.8	0.00175047633399116
484	0.0017483338473041
484.2	0.00176155171488751
484.4	0.001790248335217
484.6	0.00183479710270497
484.8	0.00189576186045304
485	0.00197379493121987
485.2	0.00206947720982624
485.4	0.00218307888433572
485.6	0.00231422627472104
485.8	0.00246147558353707
486	0.00262181289255811
486.2	0.00279012461118281
486.4	0.00295874867773662
486.6	0.00311735705759985
486.8	0.00325355376514069
487	0.00335449466428482
487.2	0.00340940607807715
487.4	0.00341224850030058
487.6	0.00336339700534896
487.8	0.00326951888061595
488	0.00314172262037761
488.2	0.00299287772172192
488.4	0.00283518671340959
488.6	0.00267866382755583
488.8	0.00253059741154592
489	0.00239571552941082
489.2	0.00227669930178876
489.4	0.00217477614357958
489.6	0.00209024768600699
489.8	0.00202290059445384
490	0.00197230073873391
490.2	0.0019379926701265
490.4	0.00191963064934904
490.6	0.00191706429518398
490.8	0.00193039664479708
491	0.00196002729248687
491.2	0.0020066891833149
491.4	0.00207148450414052
491.6	0.00215592262367841
491.8	0.00226196075657276
492	0.00239204545195201
492.2	0.00254914951703004
492.4	0.00273679381678563
492.6	0.00295903564151679
492.8	0.00322039415267633
493	0.00352566853373321
493.2	0.00387958715585083
493.4	0.00428620994004028
493.6	0.0047479964023166
493.8	0.00526445455756115
494	0.00583031887147162
494.2	0.00643333174643934
494.4	0.00705202795847972
494.6	0.00765445239548747
494.8	0.00819919736197149
495	0.00863998957600672
495.2	0.00893384348931327
495.4	0.00905073858634899
495.6	0.00898112186134307
495.8	0.00873788269247874
496	0.00835204460660287
496.2	0.00786446798123479
496.4	0.00731717424377715
496.6	0.006747014203075
496.8	0.00618255353684191
497	0.0056436170971399
497.2	0.00514240530928715
497.4	0.0046852192899417
497.6	0.00427418795985958
497.8	0.00390871560057545
498	0.00358657672412673
498.2	0.00330468830206549
498.4	0.00305962561199193
498.6	0.00284795026641908
498.8	0.00266640797646707
499	0.00251203972901074
499.2	0.00238223764992437
499.4	0.00227476712181003
499.6	0.00218776963374144
499.8	0.00211975583315356
500	0.00206959472345517
500.2	0.00203650233850578
500.4	0.00202003096970419
500.6	0.00202005750408973
500.8	0.00203676581157085
501	0.00207061222651454
501.2	0.00212225399096367
501.4	0.0021924089185128
501.6	0.00228160851629201
501.8	0.00238982868400336
502	0.00251605916560294
502.2	0.00265797181163508
502.4	0.00281179837902853
502.6	0.00297222050303903
502.8	0.00313189454845308
503	0.0032807011049749
503.2	0.00340553196058848
503.4	0.0034915347187691
503.6	0.0035250607340268
503.8	0.0034975003842602
504	0.00340831580518707
504.2	0.00326563717128842
504.4	0.00308403833391069
504.6	0.00288068023734679
504.8	0.00267164281680718
505	0.00246967072017431
505.2	0.00228351881483279
505.4	0.00211840811729548
505.6	0.00197697702291881
505.8	0.00186029718952949
506	0.00176875856044969
506.2	0.00170279540969798
506.4	0.00166351590280269
506.6	0.00165334349449523
506.8	0.00167681280621535
507	0.00174170900235173
507.2	0.00186080722029777
507.4	0.00205452649874375
507.6	0.00235467730444348
507.8	0.0028084054072462
508	0.00347686021701366
508.2	0.00440864077604145
508.4	0.00554243175792061
508.6	0.00653737044294388
508.8	0.00684596584938213
509	0.00632984334207908
509.2	0.00546013539411157
509.4	0.00470326697445293
509.6	0.004226642537261
509.8	0.00402584285972289
510	0.00405192073921698
510.2	0.00425494842708217
510.4	0.00458579084924119
510.6	0.00498448118741325
510.8	0.00536958334438541
511	0.00564218441669611
511.2	0.00571446453346503
511.4	0.00555083034991304
511.6	0.00518602434859231
511.8	0.00470092249329143
512	0.00417982709647847
512.2	0.0036828393775808
512.4	0.00324128051596728
512.6	0.00286535596249118
512.8	0.00255346262229609
513	0.00229886534646581
513.2	0.00209346823868144
513.4	0.00192960340843423
513.6	0.00180071374659283
513.8	0.00170148874353188
514	0.00162774593406665
514.2	0.00157617921656869
514.4	0.00154399886794362
514.6	0.00152847561875337
514.8	0.00152655588991804
515	0.00153507945662049
515.2	0.00155216836980926
515.4	0.00157899859681417
515.6	0.00161973952428119
515.8	0.00167942562455893
516	0.00176219920843639
516.2	0.00187110552942458
516.4	0.00200853871201436
516.6	0.00217637496273066
516.8	0.00237544062031156
517	0.00260421081375928
517.2	0.00285669439542523
517.4	0.00311972250593041
517.6	0.00337060822417134
517.8	0.00357732140659707
518	0.0037038829368954
518.2	0.00372154335834754
518.4	0.00362100423071987
518.6	0.00341731751851683
518.8	0.00314335853414138
519	0.00283679913863257
519.2	0.00252913348044791
519.4	0.00224106993526858
519.6	0.00198317619445955
519.8	0.00175877396775598
520	0.00156691167506155
520.2	0.00140455924626171
520.4	0.00126796269226261
520.6	0.00115337396592684
520.8	0.0010573900087251
521	0.000977073328317693
521.2	0.000909961990118132
521.4	0.000854030319666806
521.6	0.000807632598646933
521.8	0.000769445727584935
522	0.000738417836735211
522.2	0.000713725355471192
522.4	0.00069473892243163
522.6	0.000680997502325849
522.8	0.000672189350976197
523	0.000668137150232076
523.2	0.000668781281110145
523.4	0.000674147642836012
523.6	0.000684274894891437
523.8	0.000699079949904705
524	0.000718230407635029
524.2	0.000741301213028773
524.4	0.000768401464776786
524.6	0.000800641182781577
524.8	0.000839739832661158
525	0.000887381133911536
525.2	0.000945030114427046
525.4	0.00101404662304574
525.6	0.00109575357976113
525.8	0.00119132739379601
526	0.00130146100704133
526.2	0.00142573043558871
526.4	0.00156158603803739
526.6	0.00170298476048496
526.8	0.00183899517785076
527	0.00195330248121887
527.2	0.0020261058171997
527.4	0.00203943418686336
527.6	0.00198445157065636
527.8	0.00186630002609762
528	0.00170249037027459
528.2	0.00151579965431138
528.4	0.00132670648123285
528.6	0.00114930843843837
528.8	0.000991009494392511
529	0.000854193141198754
529.2	0.000738223816173721
529.4	0.000640999457362826
529.6	0.000559923397341949
529.8	0.000492424271957299
530	0.000436190458286857
530.2	0.000389246427924177
530.4	0.000349951050131645
530.6	0.000316962731538255
530.8	0.00028919447016209
531	0.000265769642611386
531.2	0.000245982920963043
531.4	0.000229267568922868
531.6	0.00021516895744846
531.8	0.000203323611580384
532	0.000193443000677076
532.2	0.000185301388336055
532.4	0.000178727266361476
532.6	0.000173598177469948
532.8	0.000169839095305684
533	0.000167425016986231
533.2	0.00016638894528443
533.4	0.000166836472973289
533.6	0.000168965058749159
533.8	0.000173069110462507
534	0.00017944640108822
534.2	0.000187950894639498
534.4	0.000196932166869707
534.6	0.000203062588028456
534.8	0.000205236607300435
535	0.000206831934853162
535.2	0.00021118779877923
535.4	0.000219418264571508
535.6	0.000231644134128087
535.8	0.000247959824168853
536	0.000268711876836036
536.2	0.000294541756279479
536.4	0.000326392783966494
536.6	0.000365521995028713
536.8	0.000413504851707451
537	0.000472191209315069
537.2	0.000543528603220435
537.4	0.000629099077403123
537.6	0.000729130378591676
537.8	0.000840739404519528
538	0.000955539172292918
538.2	0.00105792646863664
538.4	0.00112703561202824
538.6	0.00114470270137356
538.8	0.00110578416210003
539	0.00102152982242846
539.2	0.000912409847431579
539.4	0.000797782502054601
539.6	0.000690333087722608
539.8	0.000595986349238572
540	0.00051614720735667
540.2	0.000449900878748472
540.4	0.000395440511337274
540.6	0.000350810995842842
540.8	0.000314230273460169
541	0.000284192320509585
541.2	0.000259471653365341
541.4	0.000239090399658834
541.6	0.000222276027514465
541.8	0.000208421292692901
542	0.000197050293692874
542.2	0.000187791249754285
542.4	0.000180355406107597
542.6	0.00017452120019167
542.8	0.000170123008794949
543	0.000167044342388426
543.2	0.000165216580374688
543.4	0.000164627575979675
543.6	0.000165354482577254
543.8	0.000167668532288145
544	0.000172327829412005
544.2	0.000180122522557908
544.4	0.000184455343377042
544.6	0.00018623429663316
544.8	0.000191893913177314
545	0.000200487985681696
545.2	0.000211495294986296
545.4	0.000224971585337215
545.6	0.00024122896129776
545.8	0.000260751938830748
546	0.000284197979950747
546.2	0.00031243441453936
546.4	0.00034660296980543
546.6	0.000388216660148989
546.8	0.00043930205579762
547	0.000502609439802586
547.2	0.000581927793167539
547.4	0.000682565440590004
547.6	0.000812098040597609
547.8	0.000981556646684411
548	0.00120735290867006
548.2	0.00151445349506716
548.4	0.00194166715127409
548.6	0.00255037832907751
548.8	0.0034381917874481
549	0.00475618709818164
549.2	0.00671220367927763
549.4	0.00948170755140323
549.6	0.01283261341053
549.8	0.0155201546356455
550	0.0158852511326455
550.2	0.0140054994982514
550.4	0.0114031775599193
550.6	0.00910783154591705
550.8	0.00736629086832499
551	0.00610692632975525
551.2	0.00520496184345008
551.4	0.00455750496194336
551.6	0.00409191662570448
551.8	0.00375925222121419
552	0.00352696408685199
552.2	0.00337351694859263
552.4	0.00328480219035338
552.6	0.00325180933090264
552.8	0.00326908946244018
553	0.00333366987187639
553.2	0.00344415827167077
553.4	0.00359980105950196
553.6	0.00379924528776272
553.8	0.00403873110402966
554	0.00430949348290748
554.2	0.00459445893582125
554.4	0.00486515142857411
554.6	0.00508114629955816
554.8	0.00519553611387358
555	0.00516824969816053
555.2	0.0049828918801296
555.4	0.00465630440028059
555.6	0.0042326272277354
555.8	0.00376572819176526
556	0.00330210865291292
556.2	0.00287256058044588
556.4	0.0024923377100749
556.6	0.00216543971043311
556.8	0.00188931344106057
557	0.0016583700883716
557.2	0.00146613100513843
557.4	0.00130634493037852
557.6	0.00117347011562139
557.8	0.00106281175632645
558	0.00097049349335998
558.2	0.00089336161827345
558.4	0.000828871799042302
558.6	0.000774981078583701
558.8	0.000730053908046193
559	0.000692784232425896
559.2	0.000662132696213515
559.4	0.000637276975670766
559.6	0.00061757306829531
559.8	0.000602525571523848
560	0.000591765316694055
560.2	0.000585033080415622
560.4	0.000582168431212167
560.6	0.000583103075557311
560.8	0.000587858346493638
561	0.000596546749457404
561.2	0.000609377759107049
561.4	0.000626668373279977
561.6	0.000648859307539309
561.8	0.000676538198766371
562	0.00071047183899526
562.2	0.00075165036813041
562.4	0.000801347644640189
562.6	0.000861203865183287
562.8	0.00093333924160151
563	0.0010205116097153
563.2	0.00112633667461002
563.4	0.00125559837219001
563.6	0.00141468941898543
563.8	0.0016122395893761
564	0.00186001117453186
564.2	0.00217416137983391
564.4	0.00257696598957316
564.6	0.00309899070187351
564.8	0.00378126676446952
565	0.00467570898265961
565.2	0.00583857447615058
565.4	0.00730460634939426
565.6	0.00902168130427298
565.8	0.0107438996977546
566	0.0119844463369814
566.2	0.0122444894627092
566.4	0.0114441651494009
566.6	0.00999016791879308
566.8	0.00838517826917489
567	0.00693382897635882
567.2	0.00573774866743699
567.4	0.00479156957404417
567.6	0.00405380309225961
567.8	0.00347917933847048
568	0.00302927609540522
568.2	0.00267425721028517
568.4	0.00239175614462626
568.6	0.00216520716128613
568.8	0.00198235373987366
569	0.0018340892859887
569.2	0.0017136041361495
569.4	0.00161577194068152
569.6	0.00153671184904354
569.8	0.00147347673581108
570	0.00142383141165803
570.2	0.00138609580216574
570.4	0.00135903652580577
570.6	0.00134179705496889
570.8	0.00133386299596483
571	0.00133506700079643
571.2	0.00134565151929918
571.4	0.00136643693737942
571.6	0.00139921482696327
571.8	0.00144768320279421
572	0.00151983435654343
572.2	0.00163465852330434
572.4	0.00184254663868427
572.6	0.00227977009807784
572.8	0.00308408505312041
573	0.00334510096702771
573.2	0.00291914714769985
573.4	0.00268664198040219
573.6	0.00265140619903771
573.8	0.00272531213181913
574	0.00286807515496301
574.2	0.00306391949458582
574.4	0.00330754930671667
574.6	0.00359832979276005
574.8	0.00393761074250139
575	0.00432709738676195
575.2	0.00476744085667891
575.4	0.00525676657297706
575.6	0.00578925502546654
575.8	0.00635423931735849
576	0.00693626581927559
576.2	0.00751586277315467
576.4	0.00807014685015699
576.6	0.00857323193034507
576.8	0.00899783729590658
577	0.00931910735044005
577.2	0.00951964445965976
577.4	0.0095934667530393
577.6	0.00954708973377293
577.8	0.00939746649681195
578	0.00916791483496805
578.2	0.0088836717177729
578.4	0.00856835087783216
578.6	0.00824183440671619
578.8	0.0079195001282267
579	0.00761237994498272
579.2	0.00732781289354296
579.4	0.007070263096419
579.6	0.00684210613635932
579.8	0.00664429350546245
580	0.00647687148934326
580.2	0.00633936518448067
580.4	0.00623105179372194
580.6	0.00615114946240066
580.8	0.00609894494817228
581	0.0060738788414994
581.2	0.00607560254358307
581.4	0.00610401741666268
581.6	0.00615930359090463
581.8	0.00624194376678882
582	0.00635274584608122
582.2	0.00649286720939028
582.4	0.00666384279818704
582.6	0.00686761878195812
582.8	0.00710659345014023
583	0.00738366685344427
583.2	0.00770230082756274
583.4	0.00806659119323203
583.6	0.00848135416223996
583.8	0.0089522292824081
584	0.00948580161627004
584.2	0.0100897462596808
584.4	0.0107729987556851
584.6	0.0115459554253985
584.8	0.0124207080879451
585	0.0134113180213213
585.2	0.0145341342399552
585.4	0.0158081611018566
585.6	0.0172554797130844
585.8	0.0189017262846149
586	0.020776628110224
586.2	0.0229145936087767
586.4	0.0253553461493742
586.6	0.0281445811629298
586.8	0.0313346111164598
587	0.0349849418846045
587.2	0.0391626954878855
587.4	0.0439427570399077
587.6	0.0494074780989275
587.8	0.0556457167865804
588	0.0627509435245741
588.2	0.0708181033774169
588.4	0.0799389251396606
588.6	0.0901954396226662
588.8	0.101651663419654
589	0.114343770006671
589.2	0.128269629469805
589.4	0.143379288453054
589.6	0.159568560319337
589.8	0.176678038526365
590	0.194499158955598
590.2	0.212787393956732
590.4	0.231280803180417
590.6	0.249720823909339
590.8	0.267871873335486
591	0.28553693659514
591.2	0.302567366973517
591.4	0.318866266122826
591.6	0.334385868204759
591.8	0.349120194599718
592	0.363094741883608
592.2	0.376355052323878
592.4	0.388955755442965
592.6	0.400951212672078
592.8	0.412388405631793
593	0.423302293084667
593.2	0.433713567178648
593.4	0.443628560699778
593.6	0.45304096300747
593.8	0.461934958803474
594	0.470289385327681
594.2	0.478082497337107
594.4	0.485296934107137
594.6	0.491924504478508
594.8	0.497970452016008
595	0.503456936768016
595.2	0.508425570728231
595.4	0.512938961708426
595.6	0.517081340410941
595.8	0.520958451484137
596	0.524696966310526
596.2	0.528443712565113
596.4	0.532365007621087
596.6	0.536646327788357
596.8	0.541492441865042
597	0.547127981302261
597.2	0.553798199251741
597.4	0.561769368093437
597.6	0.571327856400885
597.8	0.582776396197428
598	0.596425420322561
598.2	0.612576726615067
598.4	0.631496387201899
598.6	0.653374298822672
598.8	0.678269866201455
599	0.706047877011631
599.2	0.736315886438953
599.4	0.768382807927614
599.6	0.801263536808226
599.8	0.83374996528188
600	0.864550517757176
600.2	0.89247242531521
600.4	0.916597504791129
600.6	0.93639932327133
600.8	0.951771752306166
601	0.9629733799172
601.2	0.970519216494102
601.4	0.975058944317733
601.6	0.977271928851231
601.8	0.977793457171006
602	0.977173170613429
602.2	0.975859127437888
602.4	0.974198792110614
602.6	0.972449278471213
602.8	0.97079135781563
603	0.96934388673511
603.2	0.968176939411613
603.4	0.967322987859894
603.6	0.96678607465057
603.8	0.966549211879858
604	0.966580339781733
604.2	0.966837174127994
604.4	0.967271217458007
604.6	0.967831137480767
604.8	0.968465644603217
605	0.969125939216428
605.2	0.969767753068723
605.4	0.970352979714073
605.6	0.970850876432349
605.8	0.971238822202253
606	0.97150262987162
606.2	0.971636431234562
606.4	0.971642176553384
606.6	0.971528810743855
606.8	0.971311203535641
607	0.971008918378434
607.2	0.970644904185968
607.4	0.970244186075961
607.6	0.969832617958878
607.8	0.969435743548801
608	0.969077795533757
608.2	0.968780847309439
608.4	0.968564119310657
608.6	0.968443433350709
608.8	0.968430803644276
609	0.968534151968532
609.2	0.968757135972817
609.4	0.969099083032375
609.6	0.969555026238833
609.8	0.970115843143292
610	0.970768500848991
610.2	0.971496412185277
610.4	0.972279906735031
610.6	0.973096818114195
610.8	0.973923181471149
611	0.97473402858736
611.2	0.975504259202686
611.4	0.976209558311188
611.6	0.976827320989997
611.8	0.977337540603934
612	0.977723613706503
612.2	0.97797301632612
612.4	0.97807781195773
612.6	0.978034961164439
612.8	0.977846415386421
613	0.977518992049442
613.2	0.977064042788234
613.4	0.976496939946478
613.6	0.975836417100153
613.8	0.975103806209251
614	0.974322216704296
614.2	0.973515700485586
614.4	0.972708442054008
614.6	0.97192400574426
614.8	0.971184663388227
615	0.970510816793672
615.2	0.969920521125834
615.4	0.969429108347907
615.6	0.969048904755051
615.8	0.968789033510634
616	0.968655291909897
616.2	0.968650093622083
616.4	0.968772468032332
616.6	0.969018111573802
616.8	0.969379489125858
617	0.969845986670095
617.2	0.970404118982932
617.4	0.971037797796499
617.6	0.971728666251887
617.8	0.972456504383468
618	0.973199707725067
618.2	0.973935836998515
618.4	0.974642231486518
618.6	0.975296672547229
618.8	0.97587807739618
619	0.976367197376843
619.2	0.97674729052557
619.4	0.977004735622541
619.6	0.977129554835098
619.8	0.977115814827602
620	0.976961881733241
620.2	0.976670513572587
620.4	0.976248783302831
620.6	0.975707833517073
620.8	0.975062478424172
621	0.97433067506686
621.2	0.973532892545012
621.4	0.972691412517184
621.6	0.971829595695829
621.8	0.970971147836184
622	0.970139415246792
622.2	0.969356734709364
622.4	0.968643856566547
622.6	0.96801945329407
622.8	0.967499719712466
623	0.967098065580839
623.2	0.966824896964243
623.4	0.966687479639598
623.6	0.966689875931928
623.8	0.966832945672251
624	0.967114402281663
624.2	0.967528916100287
624.4	0.968068258752712
624.6	0.968721484316588
624.8	0.969475145082507
625	0.970313541515057
625.2	0.971219007421789
625.4	0.972172232114093
625.6	0.97315262135164
625.8	0.974138698008367
626	0.975108541665591
626.2	0.976040263795529
626.4	0.976912512014187
626.6	0.977704993319261
626.8	0.978399002559457
627	0.978977939207994
627.2	0.979427793004293
627.4	0.979737577670643
627.6	0.979899692043211
627.8	0.97991018968894
628	0.979768941416608
628.2	0.979479679841575
628.4	0.979049920968443
628.6	0.978490764123374
628.8	0.977816577937075
629	0.977044585889271
629.2	0.976194369687471
629.4	0.975287312106732
629.6	0.974346002668999
629.8	0.973393629672406
630	0.972453380736153
630.2	0.971547871204711
630.4	0.970698616348803
630.6	0.969925561845507
630.8	0.969246678697728
631	0.96867762740181
631.2	0.968231492829137
631.4	0.967918588286782
631.6	0.96774632518842
631.8	0.967719143439509
632	0.967838496978972
632.2	0.968102888836065
632.4	0.968507950443473
632.6	0.969046560667621
632.8	0.969709000938518
633	0.970483143851596
633.2	0.971354673542703
633.4	0.972307336887283
633.6	0.973323225042079
633.8	0.974383084947747
634	0.975466660085685
634.2	0.97655305900464
634.4	0.977621148913037
634.6	0.978649970015543
634.8	0.97961916445982
635	0.98050941165709
635.2	0.981302859769518
635.4	0.981983541484772
635.6	0.982537760939181
635.8	0.982954438071934
636	0.983225396931954
636.2	0.983345585599316
636.4	0.983313217426512
636.6	0.983129826162355
636.8	0.982800231014597
637	0.982332411589885
637.2	0.981737296626962
637.4	0.981028474206884
637.6	0.980221834398139
637.8	0.979335157846322
638	0.978387665492024
638.2	0.977399545333568
638.4	0.976391471964166
638.6	0.975384133607869
638.8	0.974397779715095
639	0.973451800051635
639.2	0.972564343832379
639.4	0.971751985010349
639.6	0.971029437503706
639.8	0.970409322062755
640	0.969901984735783
640.2	0.969515365675738
640.4	0.969254916073068
640.6	0.969123559190472
640.8	0.969121693426766
641	0.969247234131507
641.2	0.969495691124752
641.4	0.969860279371169
641.6	0.970332060666124
641.8	0.970900114578224
642	0.971551737194847
642.2	0.972272666377545
642.4	0.973047332210648
642.6	0.973859131089489
642.8	0.974690721427485
643	0.975524338301148
643.2	0.976342123464076
643.4	0.977126466140965
643.6	0.977860348947724
643.8	0.978527692215547
644	0.979113689050126
644.2	0.979605122732166
644.4	0.979990657660981
644.6	0.98026109504277
644.8	0.980409584985754
645	0.980431787608473
645.2	0.980325977176922
645.4	0.980093085100001
645.6	0.979736679732144
645.8	0.979262883227793
646	0.978680228015134
646.2	0.977999457655182
646.4	0.97723327878441
646.6	0.976396072388355
646.8	0.975503573737664
647	0.974572530895589
647.2	0.973620351778793
647.4	0.972664749359984
647.6	0.97172339381367
647.8	0.970813579317013
648	0.969951911930915
648.2	0.969154023607055
648.4	0.968434315990604
648.6	0.967805736399107
648.8	0.967279587218304
649	0.966865369008928
649.2	0.966570656887029
649.4	0.966401009229138
649.6	0.966359907449777
649.8	0.966448725480394
650	0.966666727610072
650.2	0.967011093478355
650.4	0.967476969222671
650.6	0.968057544142054
650.8	0.968744152239711
651	0.969526398288854
651.2	0.970392308119185
651.4	0.971328502779703
651.6	0.972320396030876
651.8	0.973352414199691
652	0.974408236952545
652.2	0.9754710568612
652.4	0.976523854845319
652.6	0.977549687701227
652.8	0.978531983026117
653	0.979454835981241
653.2	0.980303301578777
653.4	0.981063675596844
653.6	0.981723756893795
653.8	0.982273083862758
654	0.982703138079684
654.2	0.983007508867913
654.4	0.983182013518272
654.6	0.983224769226796
654.8	0.983136214376332
655	0.982919078506972
655.2	0.982578302092321
655.4	0.982120908957955
655.6	0.981555835743135
655.8	0.980893724128426
656	0.98014668256307
656.2	0.979328024884138
656.4	0.97845199351158
656.6	0.977533474840604
656.8	0.97658771407366
657	0.975630036091181
657.2	0.974675578120987
657.4	0.973739039001436
657.6	0.97283444881329
657.8	0.971974961643708
658	0.971172673296686
658.2	0.970438464918212
658.4	0.969781872790332
658.6	0.969210983980459
658.8	0.968732357113989
659	0.96835096726339
659.2	0.968070173799893
659.4	0.967891710015282
659.6	0.967815693366133
659.8	0.967840655294744
660	0.967963589715673
660.2	0.968180019303365
660.4	0.968484078829894
660.6	0.968868615722115
660.8	0.969325306538826
661	0.969844788852094
661.2	0.970416807883716
661.4	0.97103037693663
661.6	0.971673950362355
661.8	0.972335607435159
662	0.973003245077513
662.2	0.973664776923119
662.4	0.974308335739957
662.6	0.974922475799342
662.8	0.975496371402478
663	0.976020007497068
663.2	0.976484358165262
663.4	0.976881548766749
663.6	0.977204997694493
663.8	0.977449534052725
664	0.977611488093958
664.2	0.977688751935503
664.4	0.977680808888688
664.6	0.977588730637828
664.8	0.977415142453675
665	0.977164157570284
665.2	0.976841282744819
665.4	0.976453297812334
665.6	0.976008112704968
665.8	0.975514605899391
666	0.974982448572925
666.2	0.974421918883735
666.4	0.973843710752219
666.6	0.973258741327275
666.8	0.97267796099876
667	0.972112169396256
667.2	0.971571840329014
667.4	0.971066958103535
667.6	0.970606867136802
667.8	0.970200136288582
668	0.969854438888449
668.2	0.969576449046293
668.4	0.96937175451888
668.6	0.969244786161638
668.8	0.969198763830303
669	0.969235658520189
669.2	0.969356170395827
669.4	0.969559722422023
669.6	0.969844469345917
669.8	0.970207321810563
670	0.97064398542521
670.2	0.971149014761243
670.4	0.971715882246164
670.6	0.972337060873958
670.8	0.973004121369293
671	0.973707843284822
671.2	0.974438339309061
671.4	0.975185191914023
671.6	0.975937601158569
671.8	0.976684542107466
672	0.977414929941843
672.2	0.978117790443948
672.4	0.978782433159758
672.6	0.97939862420221
672.8	0.979956755380902
673	0.980448006156896
673.2	0.980864494843688
673.4	0.981199415526816
673.6	0.981447157363106
673.8	0.98160340324979
674	0.981665205316706
674.2	0.981631035275531
674.4	0.98150080833559
674.6	0.981275880134411
674.8	0.980959016898947
675	0.980554339811021
675.2	0.980067245262901
675.4	0.979504303321048
675.6	0.978873137240845
675.8	0.978182287271613
676	0.977441062248068
676.2	0.976659382578334
676.4	0.975847618215567
676.6	0.975016425052878
676.8	0.974176582929301
677	0.973338838099832
677.2	0.97251375263114
677.4	0.971711562761257
677.6	0.970942047829814
677.8	0.970214411000561
678	0.969537172588663
678.2	0.96891807617749
678.4	0.968364008006469
678.6	0.967880929514706
678.8	0.967473822761341
679	0.96714664836351
679.2	0.966902315527196
679.4	0.966742663725659
679.6	0.966668455596171
679.8	0.966679380668534
680	0.966774069599022
680.2	0.966950118647475
680.4	0.967204124199205
680.6	0.967531727211653
680.8	0.967927667450808
681	0.968385847412211
681.2	0.968899405792132
681.4	0.969460800303925
681.6	0.970061899528192
681.8	0.970694083338955
682	0.971348351264816
682.2	0.972015437929248
682.4	0.972685934475156
682.6	0.973350414625938
682.8	0.97399956378088
683	0.974624309300894
683.2	0.975215949925782
683.4	0.975766282092492
683.6	0.976267720808487
683.8	0.976713412688449
684	0.977097338795512
684.2	0.977414405045671
684.4	0.977660518137438
684.6	0.977832645254135
684.8	0.977928856145752
685	0.977948346616798
685.2	0.977891442909725
685.4	0.977759586960113
685.6	0.977555302988296
685.8	0.977282146361205
686	0.976944636087117
686.2	0.976548172677481
686.4	0.976098943410011
686.6	0.975603817246047
686.8	0.975070231788415
687	0.974506074713621
687.2	0.973919562049034
687.4	0.973319115586562
687.6	0.972713241736502
687.8	0.972110413554709
688	0.971518957635766
688.2	0.970946947288984
688.4	0.970402103128157
688.6	0.969891701942418
688.8	0.969422494469547
689	0.9690006324714
689.2	0.968631605320508
689.4	0.968320186150013
689.6	0.968070387496782
689.8	0.96788542627924
690	0.967767697894933
690.2	0.967718759132017
690.4	0.967739319583075
690.6	0.96782924181413
690.8	0.967987549581638
691	0.968212443972436
691.2	0.968501327370775
691.4	0.968850835118042
691.6	0.969256874743407
691.8	0.969714672640734
692	0.970218828045219
692.2	0.970763374120041
692.4	0.971341845896446
692.6	0.971947354720988
692.8	0.972572668751139
693	0.97321029890858
693.2	0.973852589551542
693.4	0.974491812969723
693.6	0.975120266643538
693.8	0.975730372052039
694	0.976314773669315
694.2	0.976866436665625
694.4	0.977378741736679
694.6	0.977845575429074
694.8	0.978261414319561
695	0.97862140144454
695.2	0.978921413467494
695.4	0.979158117215405
695.6	0.979329014407942
695.8	0.979432473640719
696	0.979467748957495
696.2	0.979434984646367
696.4	0.979335206210195
696.6	0.979170297779423
696.8	0.978942966545237
697	0.978656695091632
697.2	0.978315682707424
697.4	0.977924777002441
697.6	0.977489397334561
697.8	0.977015451648511
698	0.976509248389251
698.2	0.975977405160875
698.4	0.975426755763032
698.6	0.974864257155866
698.8	0.974296897788979
699	0.973731608587267
699.2	0.973175177725997
699.4	0.972634170156414
699.6	0.972114852669717
699.8	0.971623125118692
700	0.971164458257033
700.2	0.970743838526477
700.4	0.970365719995182
700.6	0.970033983420535
700.8	0.969751902543806
701	0.969522117533682
701.2	0.969346615448448
701.4	0.96922671756948
701.6	0.969163073441854
701.8	0.969155661451981
702	0.969203795773799
702.2	0.969306139521159
702.4	0.969460723950319
702.6	0.969664973561326
702.8	0.96991573694576
703	0.970209323219716
703.2	0.970541543862178
703.4	0.970907759748953
703.6	0.971302933129898
703.8	0.971721684242519
704	0.972158352188515
704.2	0.972607059622638
704.4	0.97306178071826
704.6	0.973516411782948
704.8	0.973964843804958
705	0.974401036121071
705.2	0.974819090312395
705.4	0.97521332336229
705.6	0.975578339054099
705.8	0.975909096550008
706	0.976200975080244
706.2	0.976449833686173
706.4	0.976652065004754
706.6	0.976804642154649
706.8	0.976905157892008
707	0.97695185532194
707.2	0.976943649593227
707.4	0.976880140214189
707.6	0.976761613783494
707.8	0.976589037126651
708	0.97636404102255
708.2	0.976088894890923
708.4	0.975766472985255
708.6	0.975400212791302
708.8	0.974994066463974
709	0.974552446241346
709.2	0.974080164851348
709.4	0.973582371974327
709.6	0.973064487841912
709.8	0.972532135042586
710	0.971991069569004
710.2	0.971447112132587
710.4	0.970906080696195
710.6	0.970373724652174
710.8	0.969855661749316
711	0.969357318334548
711.2	0.968883873373018
711.4	0.968440206659087
711.6	0.968030851537127
711.8	0.96765995236616
712	0.967331226887006
712.2	0.967047933586728
712.4	0.966812844102568
712.6	0.966628220666001
712.8	0.966495798557246
713	0.966416773518825
713.2	0.966391794064046
713.4	0.966420958609479
713.6	0.966503817358541
713.8	0.966639378863795
714	0.966826121197394
714.2	0.967062007659157
714.4	0.967344506949554
714.6	0.96767061772793
714.8	0.968036897463696
715	0.968439495468755
715.2	0.968874189972611
715.4	0.969336429066252
715.6	0.969821375298856
715.8	0.970323953660562
716	0.970838902628521
716.2	0.971360827891653
716.4	0.971884258304937
716.6	0.972403703558083
716.8	0.972913712979444
717	0.973408934837931
717.2	0.973884175445984
717.4	0.974334457321693
717.6	0.974755075659705
717.8	0.975141652324711
718	0.975490186587345
718.2	0.975797101843342
718.4	0.976059287596074
718.6	0.976274136041324
718.8	0.976439572669769
719	0.97655408039639
719.2	0.976616716834011
719.4	0.976627124447258
719.6	0.976585533450419
719.8	0.976492757443319
720	0.976350181910073
720.2	0.976159745725004
720.4	0.975923915928678
720.6	0.97564565709818
720.8	0.975328395027866
721	0.974975975467196
721.2	0.974592618718828
721.4	0.974182870830548
721.6	0.973751552132859
721.8	0.97330370387369
722	0.972844533685052
722.2	0.972379360584333
722.4	0.971913560169175
722.6	0.971452510610736
722.8	0.971001539989037
723	0.970565875449024
723.2	0.970150594588425
723.4	0.969760579422345
723.6	0.969400473205537
723.8	0.969074640333925
724	0.968787129493368
724.2	0.968541640176875
724.4	0.968341492651867
724.6	0.968189601427327
724.8	0.96808845224612
725	0.968040082610394
725.2	0.968046065837354
725.4	0.96810749863697
725.6	0.968224992202918
725.8	0.968398666810447
726	0.968628149920126
726.2	0.968912577792135
726.4	0.969250600621647
726.6	0.96964039120981
726.8	0.970079657186257
727	0.970565656796801
727.2	0.971095218262503
727.4	0.971664762704589
727.6	0.972270330617378
727.8	0.972907611821195
728	0.973571978815388
728.2	0.974258523420006
728.4	0.974962096535082
728.6	0.975677350801134
728.8	0.97639878589
729	0.977120796098124
729.2	0.977837719855995
729.4	0.978543890710001
729.6	0.979233689277958
729.8	0.979901595629849
730	0.980542241502763
730.2	0.981150461902454
730.4	0.981721345623027
730.6	0.982250282612871
730.8	0.982733008950591
731	0.983165648625222
731.2	0.983544751349674
731.4	0.98386732586397
731.6	0.984130868250027
731.8	0.984333384857483
732	0.984473409528793
732.2	0.984550014908841
732.4	0.984562817726726
732.6	0.984511978042439
732.8	0.984398192555426
733	0.984222682172343
733.2	0.983987174125236
733.4	0.983693879015765
733.6	0.983345463233758
733.8	0.982945017258382
734	0.982496020395172
734.2	0.982002302532927
734.4	0.981468003519753
734.6	0.980897530758871
734.8	0.980295515612855
735	0.979666769180815
735.2	0.979016237979161
735.4	0.97834896001422
735.6	0.977670021686622
735.8	0.97698451591467
736	0.976297501809433
736.2	0.975613966179047
736.4	0.974938787086315
736.6	0.974276699632715
736.8	0.97363226409489
737	0.973009836497621
737.2	0.97241354167051
737.4	0.971847248804512
737.6	0.971314549499364
737.8	0.970818738273547
738	0.970362795494794
738.2	0.969949372681696
738.4	0.96958078014762
738.6	0.969258976853558
738.8	0.968985562444355
739	0.968761771487554
739.2	0.968588469837132
739.4	0.968466153089771
739.6	0.968394947112037
739.8	0.968374610624784
740	0.96840453983894
740.2	0.968483774921699
740.4	0.968611008075587
740.6	0.968784594999994
740.8	0.969002567972564
741	0.969262650768238
741.2	0.969562275624723
741.4	0.969898602230303
741.6	0.970268538693665
741.8	0.970668764436133
742	0.971095754923984
742.2	0.971545808133234
742.4	0.972015072611538
742.6	0.972499576972851
742.8	0.972995260630049
743	0.973498005541154
743.2	0.974003668715179
743.4	0.974508115196813
743.6	0.975007251224556
743.8	0.975497057236637
744	0.975973620383424
744.2	0.976433166194856
744.4	0.976872089048031
744.6	0.977286981082956
744.8	0.97767465922513
745	0.978032189991177
745.2	0.978356911778591
745.4	0.978646454372653
745.6	0.978898755441122
745.8	0.979112073831051
746	0.979284999529608
746.2	0.979416460201736
746.4	0.979505724270402
746.6	0.9795524005586
746.8	0.979556434564641
747	0.97951810149284
747.2	0.979437996208395
747.4	0.979317020327858
747.6	0.979156366693096
747.8	0.978957501507541
748	0.97872214443717
748.2	0.978452246995374
748.4	0.978149969540721
748.6	0.977817657219093
748.8	0.977457815178024
749	0.977073083371073
749.2	0.976666211254818
749.4	0.976240032653466
749.6	0.975797441012164
749.8	0.975341365399643
750	0.974874747387784
750.2	0.97440051921946
750.4	0.973921583696655
750.6	0.973440793800284
750.8	0.97296093423924
751	0.972484704727319
751.2	0.972014704763385
751.4	0.971553419931831
751.6	0.97110320972117
751.8	0.970666296842017
752	0.970244758011942
752.2	0.969840516163336
752.4	0.969455334021935
752.6	0.969090808997119
752.8	0.968748369321023
753	0.96842927137108
753.2	0.968134598109896
753.4	0.967865258577057
753.6	0.967621988368949
753.8	0.967405351045369
754	0.967215740404563
754.2	0.967053383571677
754.4	0.96691834484904
754.6	0.966810530280105
754.8	0.966729692881678
755	0.966675438502102
755.2	0.966647232265016
755.4	0.966644405559878
755.6	0.966666163541781
755.8	0.966711593103019
756	0.966779671278978
756.2	0.966869274049801
756.4	0.966979185497978
756.6	0.967108107280089
756.8	0.967254668368485
757	0.967417435016284
757.2	0.967594920896039
757.4	0.967785597359674
757.6	0.967987903764341
757.8	0.968200257806268
758	0.968421065802373
758.2	0.968648732857186
758.4	0.968881672851621
758.6	0.969118318188895
758.8	0.969357129233318
759	0.969596603377885
759.2	0.969835283678561
759.4	0.970071766995224
759.6	0.970304711582759
759.8	0.97053284407971
760	0.970754965846941
760.2	0.970969958373601
760.4	0.971176787473589
760.6	0.971374508170704
760.8	0.971562268325285
761	0.971739311219254
761.2	0.971904977352644
761.4	0.97205870547052
761.6	0.972200032788286
761.8	0.972328594449903
762	0.972444122247069
762.2	0.972546442632183
762.4	0.972635474064507
762.6	0.972711223734699
762.8	0.972773783718038
763	0.972823326610915
763.2	0.972860100708674
763.4	0.972884424785493
763.6	0.972896682538646
763.8	0.972897316760592
764	0.972886823302068
764.2	0.972865744889056
764.4	0.97283466485468
764.6	0.972794200845191
764.8	0.972744998556485
765	0.972687725554249
765.2	0.97262306522741
765.4	0.972551710920402
765.6	0.972474360285514
765.8	0.97239170989236
766	0.972304450126683
766.2	0.972213260406254
766.4	0.972118804737216
766.6	0.972021727629351
766.8	0.971922650384896
767	0.971822167770899
767.2	0.971720845081496
767.4	0.971619215592449
767.6	0.971517778407054
767.8	0.971416996689151
768	0.97131729627604
768.2	0.971219064661462
768.4	0.97112265033648
768.6	0.971028362473761
768.8	0.970936470939139
769	0.970847206612541
769.2	0.970760761999123
769.4	0.97067729211022
769.6	0.970596915592897
769.8	0.970519716086035
770	0.97044574378053
770.2	0.970375017119308
770.4	0.970307524572857
770.6	0.97024322679802
770.8	0.970182058826253
771	0.970123932300062
771.2	0.970068737776802
771.4	0.970016347078054
771.6	0.969966615663535
771.8	0.969919385009248
772	0.969874484970318
772.2	0.969831736110187
772.4	0.969790951978473
772.6	0.969751941321363
772.8	0.969714510216002
773	0.969678464117847
773.2	0.969643609763894
773.4	0.969609756968604
773.6	0.969576720294856
773.8	0.969544320586705
774	0.969512386357115
774.2	0.969480755025297
774.4	0.969449273999863
774.6	0.969417801605293
774.8	0.96938620785075
775	0.969354375041606
775.2	0.969322198235508
775.4	0.969289585545846
775.6	0.969256458297009
775.8	0.969222751036662
776	0.969188411411564
776.2	0.969153399914233
776.4	0.969117689508695
776.6	0.969081265144379
776.8	0.969044123167734
777	0.969006270641783
777.2	0.968967724584225
777.4	0.96892851113514
777.6	0.96888866466528
777.8	0.968848226836459
778	0.968807245625159
778.2	0.968765774320738
778.4	0.968723870509138
778.6	0.968681595053024
778.8	0.968639011078715
779	0.96859618297999
779.2	0.968553175448315
779.4	0.968510052538553
779.6	0.968466876778552
779.8	0.968423708330498
780	0.96838060421109
780.2	0.968337617944747
780.4	0.968294800023088
780.6	0.968252196234364
780.8	0.968209846808654
781	0.968167786014647
781.2	0.968126041842887
781.4	0.968084635777573
781.6	0.968043582658158
781.8	0.968002890631236
782	0.967962561192589
782.2	0.967922589318405
782.4	0.967882963684272
782.6	0.96784366696965
782.8	0.96780467624499
783	0.967765963438269
783.2	0.967727495876768
783.4	0.967689236899747
783.6	0.967651146537126
783.8	0.967613182248545
784	0.967575299717213
784.2	0.967537453692226
784.4	0.967499598872806
784.6	0.96746169082782
784.8	0.967423686943278
785	0.967385547390193
785.2	0.96734723610436
785.4	0.967308721776199
785.6	0.967269978837947
785.8	0.967230988440854
786	0.967191739415623
786.2	0.967152229208512
786.4	0.96711246478577
786.6	0.967072463499157
786.8	0.967032253905568
787	0.966991876533978
787.2	0.966951384593279
787.4	0.966910844614877
787.6	0.966870337024255
787.8	0.966829956636208
788	0.966789813068783
788.2	0.966750031071514
788.4	0.966710750763913
788.6	0.966672127780817
788.8	0.966634333321613
789	0.966597554100942
789.2	0.966561992198993
789.4	0.966527864810113
789.6	0.966495403888914
789.8	0.966464855693673
790	0.966436480227366
790.2	0.966410550297578
790.4	0.966387349917254
790.6	0.966367174284197
790.8	0.966350329105533
791	0.966337129549264
791.2	0.966327899105913
791.4	0.966322968363803
791.6	0.966322673702015
791.8	0.966327355905418
792	0.966337358706536
792.2	0.966353027259336
792.4	0.966374706550201
792.6	0.966402739751832
792.8	0.96643746652587
793	0.966479221280407
793.2	0.966528331388706
793.4	0.966585115375649
793.6	0.966649881078713
793.8	0.966722923790301
794	0.966804524388603
794.2	0.966894947464217
794.4	0.966994439449997
794.6	0.967103226761646
794.8	0.967221513957
795	0.967349481921737
795.2	0.967487286089809
795.4	0.967635054706712
795.6	0.967792887144216
795.8	0.967960852275039
796	0.96813898691633
796.2	0.968327294350905
796.4	0.968525742935306
796.6	0.968734264803994
796.8	0.968952754678949
797	0.969181068794235
797.2	0.969419023944986
797.4	0.969666396670432
797.6	0.969922922579952
797.8	0.97018829583075
798	0.970462168773608
798.2	0.970744151768185
798.4	0.971033813177171
798.6	0.971330679549425
798.8	0.971634236000072
799	0.971943926795318
799.2	0.97225915614864
799.4	0.972579289234739
799.6	0.972903653426301
799.8	0.973231539757913
800	0.97356220462029
800.2	0.973894871689889
800.4	0.974228734097993
800.6	0.974562956810965
800.8	0.974896679246248
801	0.975229018116204
801.2	0.975559070490351
801.4	0.975885917067865
801.6	0.976208625650212
801.8	0.9765262548019
802	0.976837857685169
802.2	0.977142486052434
802.4	0.977439194378232
802.6	0.977727044110454
802.8	0.978005108018749
803	0.978272474616157
803.2	0.978528252628327
803.4	0.978771575483242
803.6	0.979001605793053
803.8	0.979217539798435
804	0.979418611745249
804.2	0.979604098162444
804.4	0.979773322010252
804.6	0.979925656667377
804.8	0.980060529726524
805	0.980177426568256
805.2	0.980275893684192
805.4	0.980355541721858
805.6	0.980416048225509
805.8	0.980457160048789
806	0.980478695417905
806.2	0.980480545626248
806.4	0.980462676344324
806.6	0.980425128531909
806.8	0.980368018942558
807	0.980291540213854
807.2	0.980195960540232
807.4	0.98008162292873
807.6	0.979948944041276
807.8	0.97979841263082
808	0.97963058758144
808.2	0.979446095566219
808.4	0.979245628339265
808.6	0.979029939681037
808.8	0.978799842018925
809	0.978556202746758
809.2	0.978299940269256
809.4	0.978032019798784
809.6	0.977753448933087
809.8	0.977465273043628
810	0.977168570504787
810.2	0.976864447824451
810.4	0.976554034736659
810.6	0.976238479046326
810.8	0.975918941506801
811	0.975596590699816
811.2	0.975272597929845
811.4	0.974948132169619
811.6	0.974624355074386
811.8	0.97430241608793
812	0.973983447661976
812.2	0.97366856060877
812.4	0.973358839604893
812.6	0.973055338862528
812.8	0.972759077982686
813	0.972471038003144
813.2	0.972192157652235
813.4	0.971923329818031
813.6	0.971665398241042
813.8	0.971419154437101
814	0.971185334856173
814.2	0.970964618281347
814.4	0.970757623471658
814.6	0.970564907051462
814.8	0.970386961648285
815	0.97022421428082
815.2	0.970077024997988
815.4	0.969945685769809
815.6	0.969830419630708
815.8	0.969731380075436
816	0.969648650708008
816.2	0.969582245143782
816.4	0.969532107164946
816.6	0.969498111129496
816.8	0.969480062634018
817	0.96947769943021
817.2	0.969490692595262
817.4	0.969518647955878
817.6	0.96956110776552
817.8	0.96961755263411
818	0.969687403708892
818.2	0.969770025104656
818.4	0.96986472658075
818.6	0.969970766461437
818.8	0.970087354795128
819	0.970213656746938
819.2	0.970348796217669
819.4	0.970491859680843
819.6	0.970641900227992
819.8	0.970797941810612
820	0.970958983665496
820.2	0.971124004845154
820.4	0.971291968773059
820.6	0.971461828310115
820.8	0.971632530806451
821	0.971803023178861
821.2	0.971972257052568
821.4	0.972139193941126
821.6	0.972302810436814
821.8	0.972462103382314
822	0.972616094993474
822.2	0.972763837902001
822.4	0.972904420086165
822.6	0.973036969657362
822.8	0.973160659470287
823	0.97327471152478
823.2	0.973378401128087
823.4	0.973471060787168
823.6	0.973552083802263
823.8	0.973620927534454
824	0.973677116322167
824.2	0.973720244027706
824.4	0.973749976185236
824.6	0.973766051731976
824.8	0.973768284320259
825	0.973756563194667
825.2	0.973730853626791
825.4	0.973691196904128
825.6	0.973637709873579
825.8	0.973570584043339
826	0.973490084250836
826.2	0.973396546907889
826.4	0.973290377837458
826.6	0.973172049719768
826.8	0.973042099168365
827	0.972901123459503
827.2	0.972749776940553
827.4	0.972588767145075
827.6	0.972418850644377
827.8	0.972240828666071
828	0.972055542511822
828.2	0.971863868806711
828.4	0.971666714613038
828.6	0.971465012441553
828.8	0.971259715192457
829	0.971051791058101
829.2	0.970842218418238
829.4	0.970631980757641
829.6	0.970422061634435
829.8	0.970213439725941
830	0.970007083977189
830.2	0.969803949168944
830.4	0.969604972219617
830.6	0.969411066892759
830.8	0.969223119276666
831	0.969041983757663
831.2	0.968868479207112
831.4	0.968703385394068
831.6	0.968547439633552
831.8	0.968401333679085
832	0.9682657108662
832.2	0.968141163512533
832.4	0.968028230578662
832.6	0.967927395592606
832.8	0.967839084840041
833	0.96776366582121
833.2	0.967701445974794
833.4	0.967652671668266
833.6	0.967617527453668
833.8	0.967596135587283
834	0.96758855581121
834.2	0.967594785394442
834.4	0.967614759430872
834.6	0.967648351391126
834.8	0.96769537392505
835	0.967755579911288
835.2	0.967828663750071
835.4	0.967914262895095
835.6	0.968011959619808
835.8	0.968121283013259
836	0.968241711199902
836.2	0.968372673777268
836.4	0.968513554464833
836.6	0.968663693956576
836.8	0.968822392968858
837	0.968988915474607
837.2	0.969162492113296
837.4	0.969342323765828
837.6	0.969527585281641
837.8	0.969717429344723
838	0.969910990463527
838.2	0.970107389068926
838.4	0.970305735703385
838.6	0.970505135282533
838.8	0.970704691409491
839	0.97090351072128
839.2	0.971100707245588
839.4	0.97129540674532
839.6	0.971486751027418
839.8	0.97167390219203
840	0.97185604679745
840.2	0.972032399452524
840.4	0.972202205347421
840.6	0.972364745407806
840.8	0.972519340340367
841	0.972665354008983
841.2	0.972802196582685
841.4	0.972929327433782
841.6	0.973046257766389
841.8	0.973152552956968
842	0.973247834590401
842.2	0.973331782177205
842.4	0.973404134539803
842.6	0.973464690857968
842.8	0.973513311366309
843	0.9735499176992
843.2	0.973574492881081
843.4	0.973587080963088
843.6	0.973587786309418
843.8	0.973576772539614
844	0.973554261135582
844.2	0.973520529724552
844.4	0.973475910051748
844.6	0.973420785658502
844.8	0.973355589283773
845	0.973280800008765
845.2	0.973196940165922
845.4	0.97310457203495
845.6	0.973004294349745
845.8	0.972896738640672
846	0.972782565437665
846.2	0.972662460359636
846.4	0.97253713011597
846.6	0.972407298445797
846.8	0.972273702020296
847	0.972137086332875
847.2	0.97199820160132
847.4	0.971857798705078
847.6	0.971716625179949
847.8	0.971575421291255
848	0.971434916205249
848.2	0.971295824277363
848.4	0.971158841474474
848.6	0.971024641946877
848.8	0.970893874764375
849	0.970767160829388
849.2	0.97064508997865
849.4	0.970528218283582
849.6	0.970417065558314
849.8	0.970312113082792
850	0.970213801547421
850.2	0.970122529580515
850.4	0.970038653218503
850.6	0.969962483473519
850.8	0.969894284849789
851	0.969834274453579
851.2	0.969782621341138
851.4	0.96973944610425
851.6	0.969704820692508
851.8	0.969678768470547
852	0.969661264507944
852.2	0.969652236098967
852.4	0.96965156350906
852.6	0.969659080945657
852.8	0.969674577741136
853	0.969697799749026
853.2	0.969728450948002
853.4	0.969766195245609
853.6	0.969810658474717
853.8	0.969861430574709
854	0.96991806794897
854.2	0.96998009598928
854.4	0.970047011757193
854.6	0.970118286811395
854.8	0.970193370169536
855	0.970271691391979
855.2	0.970352663774163
855.4	0.970435687633426
855.6	0.970520153675438
855.8	0.970605446424329
856	0.970690947700211
856.2	0.970776040126749
856.4	0.970860110651049
856.6	0.970942554057484
856.8	0.971022776456645
857	0.971100198730114
857.2	0.971174259911924
857.4	0.971244420486899
857.6	0.971310165586725
857.8	0.971371008064263
858	0.971426491427457
858.2	0.971476192614338
858.4	0.971519724591542
858.6	0.971556738759603
858.8	0.971586927149175
859	0.971610024393751
859.2	0.971625809465528
859.4	0.971634107162801
859.6	0.971634789338651
859.8	0.971627775862581
860	0.971613035308479
860.2	0.971590585291977
860.4	0.971560492382401
860.6	0.971522872165655
860.8	0.971477888881967
861	0.971425754713815
861.2	0.971366728801197
861.4	0.971301115991203
861.6	0.971229265330618
861.8	0.971151568311929
862	0.971068456884784
862.2	0.970980401246222
862.4	0.970887907424449
862.6	0.970791514672002
862.8	0.970691792685047
863	0.970589338666523
863.2	0.970484774251173
863.4	0.970378742311357
863.6	0.970271903662364
863.8	0.970164933686353
864	0.970058518893957
864.2	0.969953353442179
864.4	0.969850135627147
864.6	0.969749564369529
864.8	0.969652335710137
865	0.969559139332201
865.2	0.969470655126412
865.4	0.969387549813691
865.6	0.969310473639896
865.8	0.969240057155846
866	0.969176908094917
866.2	0.969121608359658
866.4	0.969074711128008
866.6	0.969036738088592
866.8	0.969008176813928
867	0.968989478279371
867.2	0.968981054535028
867.4	0.968983276537607
867.6	0.968996472146992
867.8	0.969020924291727
868	0.969056869310306
868.2	0.96910449547154
868.4	0.969163941677608
868.6	0.96923529635324
868.8	0.969318596524084
869	0.969413827087061
869.2	0.969520920275398
869.4	0.96963975532059
869.6	0.969770158313757
869.8	0.969911902268245
870	0.970064707385511
870.2	0.970228241517778
870.4	0.970402120820801
870.6	0.970585910663398
870.8	0.970779126729302
871	0.970981236320176
871.2	0.97119165986811
871.4	0.971409772657317
871.6	0.97163490675411
871.8	0.971866353143724
872	0.972103364071501
872.2	0.972345155585482
872.4	0.972590910276138
872.6	0.972839780208126
872.8	0.973090890037843
873	0.973343340309114
873.2	0.973596210918358
873.4	0.973848564738905
873.6	0.97409945139293
873.8	0.974347911157919
874	0.974592978993108
874.2	0.974833688669883
874.4	0.975069076988627
874.6	0.975298188063093
874.8	0.975520077652102
875	0.975733817516899
875.2	0.975938499781623
875.4	0.976133241273074
875.6	0.976317187815262
875.8	0.976489518453509
876	0.97664944958241
876.2	0.976796238951674
876.4	0.976929189523986
876.6	0.977047653159103
876.8	0.977151034099086
877	0.977238792230204
877.2	0.9773104460982
877.4	0.977365575654821
877.6	0.977403824715183
877.8	0.977424903107266
878	0.97742858849693
878.2	0.977414727874075
878.4	0.977383238688027
878.6	0.977334109622761
878.8	0.977267401005397
879	0.977183244844085
879.2	0.977081844494374
879.4	0.976963473956026
879.6	0.97682847680499
879.8	0.976677264768292
880	0.976510315952107
880.2	0.976328172604002
880.4	0.976131438293066
880.6	0.975920775581353
880.8	0.975696903150115
881	0.975460592534592
881.2	0.975212664622426
881.4	0.974953985940255
881.6	0.974685464753803
881.8	0.97440804700779
882	0.974122712132297
882.2	0.973830468742436
882.4	0.973532350258195
882.6	0.973229410470856
882.8	0.97292271908299
883	0.972613357246354
883.2	0.97230241311785
883.4	0.971990977461889
883.6	0.971680139319182
883.8	0.971370981761905
884	0.971064577753667
884.2	0.970761986131227
884.4	0.970464247723154
884.6	0.970172381618858
884.8	0.969887381599666
885	0.969610212742071
885.2	0.969341808201243
885.4	0.969083066181675
885.6	0.968834847099972
885.8	0.968597970943458
886	0.968373214826861
886.2	0.968161310748134
886.4	0.967962943543244
886.6	0.96777874903883
886.8	0.967609312400616
887	0.96745516667491
887.2	0.967316791519585
887.4	0.967194612120754
887.6	0.967088998290715
887.8	0.967000263742532
888	0.96692866553659
888.2	0.966874403694215
888.4	0.966837620973516
888.6	0.966818402802971
888.8	0.966816777368003
889	0.966832715846521
889.2	0.966866132789471
889.4	0.966916886642693
889.6	0.966984780407069
889.8	0.967069562433954
890	0.967170927353693
890.2	0.967288517291135
890.4	0.967421923523092
890.6	0.967570687326561
890.8	0.96773430126613
891	0.967912210763545
891.2	0.968103815792774
891.4	0.968308472699998
891.6	0.968525496148023
891.8	0.968754161184629
892	0.968993705434204
892.2	0.96924333141172
892.4	0.969502208957866
892.6	0.96976947779365
892.8	0.970044250192388
893	0.970325613766154
893.2	0.970612634363332
893.4	0.97090435907292
893.6	0.971199819330383
893.8	0.971498034119036
894	0.971798013259754
894.2	0.972098760780898
894.4	0.972399278359175
894.6	0.972698568821022
894.8	0.972995639693093
895	0.97328950678923
895.2	0.973579197820232
895.4	0.973863756011773
895.6	0.974142243714807
895.8	0.974413745991967
896	0.974677374162634
896.2	0.974932269288877
896.4	0.97517760558367
896.6	0.97541259372276
896.8	0.97563648404114
897	0.975848569595214
897.2	0.976048189071834
897.4	0.976234729525769
897.6	0.976407628927855
897.8	0.97656637850666
898	0.976710524867557
898.2	0.976839671874292
898.4	0.976953482279351
898.6	0.977051679090991
898.8	0.977134046667385
899	0.977200431527881
899.2	0.977250742872636
899.4	0.977284952809617
899.6	0.977303096284987
899.8	0.977305270715971
900	0.977291635327818