Theoretical Spectrum of Semrock FF652-Di01 Optical Filter
The spectrum described by the following ASCII data represents a typical optical filter design for this product.
However, note that from time to time Semrock makes minor modifications to its optical filter designs for purposes such as improved
manufacturability that do not affect the ability for the filter to meet its stated specifications.
User Specifications:
Starting Wavelength: 200(nm)
Ending Wavelength: 900(nm)
AOI: 45
CHA: 
Polarization: Avg
Plot Type: Transmission
 
Data format:  Wavelength (nm) <tab> Transmission (0 to 1)
200	1e-07
200.2	1e-07
200.4	1e-07
200.6	1e-07
200.8	1e-07
201	1e-07
201.2	1e-07
201.4	1e-07
201.6	1e-07
201.8	1e-07
202	1e-07
202.2	1e-07
202.4	1e-07
202.6	1e-07
202.8	1e-07
203	1e-07
203.2	1e-07
203.4	1e-07
203.6	1e-07
203.8	1e-07
204	1e-07
204.2	1e-07
204.4	1e-07
204.6	1e-07
204.8	1e-07
205	1e-07
205.2	1e-07
205.4	1e-07
205.6	1e-07
205.8	1e-07
206	1e-07
206.2	1e-07
206.4	1e-07
206.6	1e-07
206.8	1e-07
207	1e-07
207.2	1e-07
207.4	1e-07
207.6	1e-07
207.8	1e-07
208	1e-07
208.2	1e-07
208.4	1e-07
208.6	1e-07
208.8	1e-07
209	1e-07
209.2	1e-07
209.4	1e-07
209.6	1e-07
209.8	1e-07
210	1e-07
210.2	1e-07
210.4	1e-07
210.6	1e-07
210.8	1e-07
211	1e-07
211.2	1e-07
211.4	1e-07
211.6	1e-07
211.8	1e-07
212	1e-07
212.2	1e-07
212.4	1e-07
212.6	1e-07
212.8	1e-07
213	1e-07
213.2	1e-07
213.4	1e-07
213.6	1e-07
213.8	1e-07
214	1e-07
214.2	1e-07
214.4	1e-07
214.6	1e-07
214.8	1e-07
215	1e-07
215.2	1e-07
215.4	1e-07
215.6	1e-07
215.8	1e-07
216	1e-07
216.2	1e-07
216.4	1e-07
216.6	1e-07
216.8	1e-07
217	1e-07
217.2	1e-07
217.4	1e-07
217.6	1e-07
217.8	1e-07
218	1e-07
218.2	1e-07
218.4	1e-07
218.6	1e-07
218.8	1e-07
219	1e-07
219.2	1e-07
219.4	1e-07
219.6	1e-07
219.8	1e-07
220	1e-07
220.2	1e-07
220.4	1e-07
220.6	1e-07
220.8	1e-07
221	1e-07
221.2	1e-07
221.4	1e-07
221.6	1e-07
221.8	1e-07
222	1e-07
222.2	1e-07
222.4	1e-07
222.6	1e-07
222.8	1e-07
223	1e-07
223.2	1e-07
223.4	1e-07
223.6	1e-07
223.8	1e-07
224	1e-07
224.2	1e-07
224.4	1e-07
224.6	1e-07
224.8	1e-07
225	1e-07
225.2	1e-07
225.4	1e-07
225.6	1e-07
225.8	1e-07
226	1e-07
226.2	1e-07
226.4	1e-07
226.6	1e-07
226.8	1e-07
227	1e-07
227.2	1e-07
227.4	1e-07
227.6	1e-07
227.8	1e-07
228	1e-07
228.2	1e-07
228.4	1e-07
228.6	1e-07
228.8	1e-07
229	1e-07
229.2	1e-07
229.4	1e-07
229.6	1e-07
229.8	1e-07
230	1e-07
230.2	1e-07
230.4	1e-07
230.6	1e-07
230.8	1e-07
231	1e-07
231.2	1e-07
231.4	1e-07
231.6	1e-07
231.8	1e-07
232	1e-07
232.2	1e-07
232.4	1e-07
232.6	1e-07
232.8	1e-07
233	1e-07
233.2	1e-07
233.4	1e-07
233.6	1e-07
233.8	1e-07
234	1e-07
234.2	1e-07
234.4	1e-07
234.6	1e-07
234.8	1e-07
235	1e-07
235.2	1e-07
235.4	1e-07
235.6	1e-07
235.8	1e-07
236	1e-07
236.2	1e-07
236.4	1e-07
236.6	1e-07
236.8	1e-07
237	1e-07
237.2	1e-07
237.4	1e-07
237.6	1e-07
237.8	1e-07
238	1e-07
238.2	1e-07
238.4	1e-07
238.6	1e-07
238.8	1e-07
239	1e-07
239.2	1e-07
239.4	1e-07
239.6	1e-07
239.8	1e-07
240	1e-07
240.2	1e-07
240.4	1e-07
240.6	1e-07
240.8	1e-07
241	1e-07
241.2	1e-07
241.4	1e-07
241.6	1e-07
241.8	1e-07
242	1e-07
242.2	1e-07
242.4	1e-07
242.6	1e-07
242.8	1e-07
243	1e-07
243.2	1e-07
243.4	1e-07
243.6	1e-07
243.8	1e-07
244	1e-07
244.2	1e-07
244.4	1e-07
244.6	1e-07
244.8	1e-07
245	1e-07
245.2	1e-07
245.4	1e-07
245.6	1e-07
245.8	1e-07
246	1e-07
246.2	1e-07
246.4	1e-07
246.6	1e-07
246.8	1e-07
247	1e-07
247.2	1e-07
247.4	1e-07
247.6	1e-07
247.8	1e-07
248	1e-07
248.2	1e-07
248.4	1e-07
248.6	1e-07
248.8	1e-07
249	1e-07
249.2	1e-07
249.4	1e-07
249.6	1e-07
249.8	1e-07
250	1e-07
250.2	1e-07
250.4	1e-07
250.6	1e-07
250.8	1e-07
251	1e-07
251.2	1e-07
251.4	1e-07
251.6	1e-07
251.8	1e-07
252	1e-07
252.2	1e-07
252.4	1e-07
252.6	1e-07
252.8	1e-07
253	1e-07
253.2	1e-07
253.4	1e-07
253.6	1e-07
253.8	1e-07
254	1e-07
254.2	1e-07
254.4	1e-07
254.6	1e-07
254.8	1e-07
255	1e-07
255.2	1e-07
255.4	1e-07
255.6	1e-07
255.8	1e-07
256	1e-07
256.2	1e-07
256.4	1e-07
256.6	1e-07
256.8	1e-07
257	1e-07
257.2	1e-07
257.4	1e-07
257.6	1e-07
257.8	1e-07
258	1e-07
258.2	1e-07
258.4	1e-07
258.6	1e-07
258.8	1e-07
259	1e-07
259.2	1e-07
259.4	1e-07
259.6	1e-07
259.8	1e-07
260	1e-07
260.2	1e-07
260.4	1e-07
260.6	1e-07
260.8	1e-07
261	1e-07
261.2	1e-07
261.4	1e-07
261.6	1e-07
261.8	1e-07
262	1e-07
262.2	1e-07
262.4	1e-07
262.6	1e-07
262.8	1e-07
263	1e-07
263.2	1e-07
263.4	1e-07
263.6	1e-07
263.8	1e-07
264	1e-07
264.2	1e-07
264.4	1e-07
264.6	1e-07
264.8	1e-07
265	1e-07
265.2	1e-07
265.4	1e-07
265.6	1e-07
265.8	1e-07
266	1e-07
266.2	1e-07
266.4	1e-07
266.6	1e-07
266.8	1e-07
267	1e-07
267.2	1e-07
267.4	1e-07
267.6	1e-07
267.8	1e-07
268	1e-07
268.2	1e-07
268.4	1e-07
268.6	1e-07
268.8	1e-07
269	1e-07
269.2	1e-07
269.4	1e-07
269.6	1e-07
269.8	1e-07
270	1e-07
270.2	1e-07
270.4	1e-07
270.6	1e-07
270.8	1e-07
271	1e-07
271.2	1e-07
271.4	1e-07
271.6	1e-07
271.8	1e-07
272	1e-07
272.2	1e-07
272.4	1e-07
272.6	1e-07
272.8	1e-07
273	1e-07
273.2	1e-07
273.4	1e-07
273.6	1e-07
273.8	1e-07
274	1e-07
274.2	1e-07
274.4	1e-07
274.6	1e-07
274.8	1e-07
275	1e-07
275.2	1e-07
275.4	1e-07
275.6	1e-07
275.8	1e-07
276	1e-07
276.2	1e-07
276.4	1e-07
276.6	1e-07
276.8	1e-07
277	1e-07
277.2	1e-07
277.4	1e-07
277.6	1e-07
277.8	1e-07
278	1e-07
278.2	1e-07
278.4	1e-07
278.6	1e-07
278.8	1e-07
279	1e-07
279.2	1e-07
279.4	1e-07
279.6	1e-07
279.8	1e-07
280	1e-07
280.2	1e-07
280.4	1e-07
280.6	1e-07
280.8	1e-07
281	1e-07
281.2	1e-07
281.4	1e-07
281.6	1e-07
281.8	1e-07
282	1e-07
282.2	1e-07
282.4	1e-07
282.6	1e-07
282.8	1e-07
283	1e-07
283.2	1e-07
283.4	1e-07
283.6	1e-07
283.8	1e-07
284	1e-07
284.2	1e-07
284.4	1e-07
284.6	1e-07
284.8	1e-07
285	1e-07
285.2	1e-07
285.4	1e-07
285.6	1e-07
285.8	1e-07
286	1e-07
286.2	1e-07
286.4	1e-07
286.6	1e-07
286.8	1e-07
287	1e-07
287.2	1e-07
287.4	1e-07
287.6	1e-07
287.8	1e-07
288	1e-07
288.2	1e-07
288.4	1e-07
288.6	1e-07
288.8	1e-07
289	1e-07
289.2	1e-07
289.4	1e-07
289.6	1e-07
289.8	1e-07
290	1e-07
290.2	1e-07
290.4	1e-07
290.6	1e-07
290.8	1e-07
291	1e-07
291.2	1e-07
291.4	1e-07
291.6	1e-07
291.8	1e-07
292	1e-07
292.2	1e-07
292.4	1e-07
292.6	1e-07
292.8	1e-07
293	1e-07
293.2	1e-07
293.4	1e-07
293.6	1e-07
293.8	1e-07
294	1e-07
294.2	1e-07
294.4	1e-07
294.6	1e-07
294.8	1e-07
295	1e-07
295.2	1e-07
295.4	1e-07
295.6	1e-07
295.8	1e-07
296	1e-07
296.2	1e-07
296.4	1e-07
296.6	1e-07
296.8	1e-07
297	1e-07
297.2	1e-07
297.4	1e-07
297.6	1e-07
297.8	1e-07
298	1e-07
298.2	1e-07
298.4	1e-07
298.6	1e-07
298.8	1e-07
299	1e-07
299.2	1e-07
299.4	1e-07
299.6	1e-07
299.8	1e-07
300	1e-07
300.2	1e-07
300.4	1e-07
300.6	1e-07
300.8	1e-07
301	1e-07
301.2	1e-07
301.4	1e-07
301.6	1e-07
301.8	1e-07
302	1e-07
302.2	1e-07
302.4	1e-07
302.6	1e-07
302.8	1e-07
303	1e-07
303.2	1e-07
303.4	1e-07
303.6	1e-07
303.8	1e-07
304	1e-07
304.2	1e-07
304.4	1e-07
304.6	1e-07
304.8	1e-07
305	1e-07
305.2	1e-07
305.4	1e-07
305.6	1e-07
305.8	1e-07
306	1e-07
306.2	1e-07
306.4	1e-07
306.6	1e-07
306.8	1e-07
307	1e-07
307.2	1e-07
307.4	1e-07
307.6	1e-07
307.8	1e-07
308	1e-07
308.2	1e-07
308.4	1e-07
308.6	1e-07
308.8	1e-07
309	1e-07
309.2	1e-07
309.4	1e-07
309.6	1e-07
309.8	1e-07
310	1e-07
310.2	1e-07
310.4	1e-07
310.6	1e-07
310.8	1e-07
311	1e-07
311.2	1e-07
311.4	1e-07
311.6	1e-07
311.8	1e-07
312	1e-07
312.2	1e-07
312.4	1e-07
312.6	1e-07
312.8	1e-07
313	1e-07
313.2	1e-07
313.4	1e-07
313.6	1e-07
313.8	1e-07
314	1e-07
314.2	1e-07
314.4	1e-07
314.6	1e-07
314.8	1e-07
315	1e-07
315.2	1e-07
315.4	1e-07
315.6	1e-07
315.8	1e-07
316	1e-07
316.2	1e-07
316.4	1e-07
316.6	1e-07
316.8	1e-07
317	1e-07
317.2	1e-07
317.4	1e-07
317.6	1e-07
317.8	1e-07
318	1e-07
318.2	1e-07
318.4	1e-07
318.6	1e-07
318.8	1e-07
319	1e-07
319.2	1e-07
319.4	1e-07
319.6	1e-07
319.8	1e-07
320	1e-07
320.2	1.22669009317854e-07
320.4	1.63383945310236e-07
320.6	2.19881681394262e-07
320.8	2.97376217363338e-07
321	4.01573185761903e-07
321.2	5.38939062446442e-07
321.4	7.18559252200902e-07
321.6	9.56083301187393e-07
321.8	1.27935710098186e-06
322	1.73555509198649e-06
322.2	2.40079785479173e-06
322.4	3.39378164238641e-06
322.6	4.89433631139778e-06
322.8	7.16802229834462e-06
323	1.06044887130497e-05
323.2	1.57987996606285e-05
323.4	2.37447864219024e-05
323.6	3.62688282533759e-05
323.8	5.69594286067455e-05
324	9.32186191498773e-05
324.2	0.000161127938326828
324.4	0.000297967056793217
324.6	0.000597558202246357
324.8	0.00132303758004872
325	0.00333537182787611
325.2	0.0101855048549426
325.4	0.0412652936110506
325.6	0.121016983038948
325.8	0.0678474188205291
326	0.0382218179218618
326.2	0.0291275388559702
326.4	0.0273656573899971
326.6	0.0296146242914107
326.8	0.0344326321215103
327	0.0388388428352527
327.2	0.0381638320353316
327.4	0.0322812343315037
327.6	0.0256730247316182
327.8	0.020886940115679
328	0.0181354673153202
328.2	0.0170944173285514
328.4	0.0176478618468692
328.6	0.0201378331830789
328.8	0.0257469143836323
329	0.0376299711124282
329.2	0.0641635501053626
329.4	0.122467148808332
329.6	0.181510290307549
329.8	0.135377049015891
330	0.0814175716012993
330.2	0.0557324865785717
330.4	0.0451769169407691
330.6	0.0428258481917089
330.8	0.0471200414310391
331	0.0604542329884037
331.2	0.0918562497190991
331.4	0.165897953342205
331.6	0.301819869503371
331.8	0.307985704529182
332	0.185657847030738
332.2	0.116632847321964
332.4	0.0876835348417201
332.6	0.0784153370614806
332.8	0.0821642727083785
333	0.0997346933519766
333.2	0.136285240597653
333.4	0.185955178979625
333.6	0.191992307809172
333.8	0.136820614645208
334	0.0874722874662093
334.2	0.0597620908552906
334.4	0.0452611675262857
334.6	0.0377164090624553
334.8	0.0340200432676605
335	0.0326587664222226
335.2	0.0328903604630465
335.4	0.0344709089365368
335.6	0.0377418541730853
335.8	0.0441053243028111
336	0.0575273157630581
336.2	0.0902567751332129
336.4	0.179959637620465
336.6	0.219628287073157
336.8	0.0718413385887519
337	0.0243237801888807
337.2	0.0106589474012963
337.4	0.00570112756314489
337.6	0.00337147684209733
337.8	0.00223283702298328
338	0.00160781854583677
338.2	0.00124355559309636
338.4	0.00102570248599045
338.6	0.000898153920775579
338.8	0.00083279137551954
339	0.000816919965045893
339.2	0.000848329015537589
339.4	0.000934763862336774
339.6	0.00109770324314469
339.8	0.00138356569575236
340	0.00189285723703979
340.2	0.00286190989324161
340.4	0.00492983505972479
340.6	0.0102349332238241
340.8	0.028809946051788
341	0.137991914599843
341.2	0.255175509581975
341.4	0.0838969554779857
341.6	0.0491452521334919
341.8	0.0441178200201109
342	0.0563964912266446
342.2	0.108481787598397
342.4	0.268393331770285
342.6	0.124673472996888
342.8	0.0377648049393566
343	0.0168935317140769
343.2	0.00985543620003034
343.4	0.0069066229322095
343.6	0.0055848486396719
343.8	0.00511713286590181
344	0.00529125918446606
344.2	0.00622716856356758
344.4	0.00854301621436642
344.6	0.0142996673481471
344.8	0.0305792112068241
345	0.054546699899655
345.2	0.0297784538079775
345.4	0.0125679150901122
345.6	0.0066839064901194
345.8	0.00433510599529304
346	0.00326598543835629
346.2	0.00277899520940965
346.4	0.0026355028449565
346.6	0.00278024597522455
346.8	0.00330326131092849
347	0.00468348078087161
347.2	0.00690856591401894
347.4	0.0114109996237218
347.6	0.0206111472693557
347.8	0.0216418994908648
348	0.0122485094259211
348.2	0.00685869406389439
348.4	0.00449867171321135
348.6	0.00343717170187725
348.8	0.00301696415535321
349	0.00308445478449023
349.2	0.00352271282810133
349.4	0.0040004802892036
349.6	0.00563731177902641
349.8	0.00970167214740721
350	0.0184262118727341
350.2	0.0200710958921506
350.4	0.0101191628487173
350.6	0.0050372223054751
350.8	0.00299199550775977
351	0.00207778974087645
351.2	0.00164669258329612
351.4	0.00150942542539218
351.6	0.0018470503470112
351.8	0.00152374600444853
352	0.00161047679685682
352.2	0.00201309624604188
352.4	0.00289418390138862
352.6	0.00491681228378073
352.8	0.0100913101209749
353	0.0193316289120915
353.2	0.0148340279018618
353.4	0.00723498085525975
353.6	0.0041010195021541
353.8	0.00281283558345379
354	0.00227791084059069
354.2	0.00212829896868813
354.4	0.00209221461389626
354.6	0.00240071453706231
354.8	0.00322779708988933
355	0.0052783170800284
355.2	0.0110411274269462
355.4	0.0215264132446208
355.6	0.012273979908127
355.8	0.00487647190183552
356	0.00244802132293266
356.2	0.00150329958203836
356.4	0.00106955857385855
356.6	0.000853892602456928
356.8	0.000752130743158621
357	0.000725752996749972
357.2	0.000767876761633725
357.4	0.000900681192764899
357.6	0.00119218883131993
357.8	0.00171056202135251
358	0.00283840337839437
358.2	0.00461602545215154
358.4	0.00423524550584978
358.6	0.0022653671057791
358.8	0.00119953321145849
359	0.000723187477537662
359.2	0.000492426037101379
359.4	0.000370431486967226
359.6	0.000302806654228022
359.8	0.000266149894281823
360	0.000250049299142478
360.2	0.000250601752007479
360.4	0.000268494792639777
360.6	0.000310413581727998
360.8	0.000399957424742432
361	0.000605464884579835
361.2	0.000761507264938574
361.4	0.00117188438852474
361.6	0.00204616030993005
361.8	0.00307608796319618
362	0.00265510551629368
362.2	0.0016222571667056
362.4	0.00101186650959433
362.6	0.000705555006698254
362.8	0.000548849182401317
363	0.000470549616536279
363.2	0.000442419484688455
363.4	0.000462309015249952
363.6	0.000550521903303701
363.8	0.000596148052259316
364	0.000687169565457663
364.2	0.000921375635102292
364.4	0.00138040540873194
364.6	0.00220187857544215
364.8	0.00312497786985386
365	0.00295108581929648
365.2	0.00199790111694297
365.4	0.00129664537081736
365.6	0.000908919552155834
365.8	0.000699920918521464
366	0.000588297878637513
366.2	0.000535549073776761
366.4	0.000525616640671166
366.6	0.000554916355782089
366.8	0.000622818048691151
367	0.000723312234016414
367.2	0.000876187727094806
367.4	0.00109765683863772
367.6	0.00133312859708869
367.8	0.0014243489769948
368	0.00126914917705755
368.2	0.000994107085506878
368.4	0.000750010507031159
368.6	0.000577855286495539
368.8	0.000465631427843937
369	0.000394974123867392
369.2	0.000352697073605301
369.4	0.00033092295494195
369.6	0.000325566773970845
369.8	0.000335191786806455
370	0.000360187293574831
370.2	0.000401359505180584
370.4	0.000456617690021663
370.6	0.000518851687650672
370.8	0.000581348893150157
371	0.000638625347637744
371.2	0.000680772465440503
371.4	0.000698387290645864
371.6	0.000691912409410753
371.8	0.000672220960846894
372	0.000653513490480025
372.2	0.000647576243225032
372.4	0.00066201507871034
372.6	0.000698085992829553
372.8	0.000746459209508578
373	0.000795150682375416
373.2	0.000849561371588822
373.4	0.000924614391463503
373.6	0.00102420206903851
373.8	0.0011356685018131
374	0.00123266547766486
374.2	0.00128752954053932
374.4	0.0012895740283343
374.6	0.00124848118452398
374.8	0.00118245507879489
375	0.00111541773636291
375.2	0.00107380563840877
375.4	0.00107613865332214
375.6	0.00113496001466573
375.8	0.00126587496383155
376	0.00149367061945224
376.2	0.00184954543351034
376.4	0.00233563212816253
376.6	0.0028111741783667
376.8	0.00292837729239477
377	0.00254915679258897
377.2	0.00201776652370551
377.4	0.00163278984971481
377.6	0.00135489025337131
377.8	0.00106349243848082
378	0.0008615360893696
378.2	0.000755093015677017
378.4	0.000713910727196962
378.6	0.000724782883169385
378.8	0.000790543699791205
379	0.000932469841431699
379.2	0.00120964973781121
379.4	0.00174934191555825
379.6	0.00220404039740935
379.8	0.00267864070595934
380	0.0027520668587255
380.2	0.00213965828990036
380.4	0.00145954487062422
380.6	0.00100483972106615
380.8	0.000735345991841416
381	0.000577724005399122
381.2	0.000486401376362818
381.4	0.000437399020368184
381.6	0.000419398420142476
381.8	0.000429346298944957
382	0.00047286862848293
382.2	0.000578755037924035
382.4	0.000712067575827059
382.6	0.000998912245199797
382.8	0.00164665098508062
383	0.003367195077655
383.2	0.0091977141568986
383.4	0.0179264219460117
383.6	0.00808301286578984
383.8	0.00368009989915633
384	0.00227426501341464
384.2	0.00178280579980338
384.4	0.00172483677271487
384.6	0.00211507749916284
384.8	0.00369411118109536
385	0.0127361241984132
385.2	0.0109947162454356
385.4	0.00166669988840324
385.6	0.000501921077466773
385.8	0.000211180511183179
386	0.000106948833507499
386.2	6.10677421449365e-05
386.4	3.79970324381545e-05
386.6	2.52509800097027e-05
386.8	1.76941618015528e-05
387	1.29607142897621e-05
387.2	9.86284100861127e-06
387.4	7.76244173696685e-06
387.6	6.29745799647382e-06
387.8	5.25305892897308e-06
388	4.49705023529669e-06
388.2	3.94579982273031e-06
388.4	3.54564222118714e-06
388.6	3.26305216233603e-06
388.8	3.08306927040017e-06
389	3.05074083151577e-06
389.2	1.60392014463361e-05
389.4	3.05164302527949e-06
389.6	2.99637834464491e-06
389.8	3.13454242649452e-06
390	3.3858716021714e-06
390.2	3.7727864439707e-06
390.4	4.34942478316502e-06
390.6	5.2146082287596e-06
390.8	6.55325145671505e-06
391	8.73861143583093e-06
391.2	1.2614305188096e-05
391.4	2.04302454087516e-05
391.6	3.99768228753442e-05
391.8	0.000115125332089943
392	0.00133515641425918
392.2	0.000654262324772491
392.4	9.19198280882164e-05
392.6	3.54559168102701e-05
392.8	1.90465654120722e-05
393	1.21296734334652e-05
393.2	8.58768180303624e-06
393.4	6.54479789308532e-06
393.6	5.27077455606909e-06
393.8	4.43367003012074e-06
394	3.86525049754463e-06
394.2	3.4731810365075e-06
394.4	3.20370452240104e-06
394.6	3.0241709973426e-06
394.8	2.91421414461045e-06
395	2.86101262519965e-06
395.2	2.85661046610305e-06
395.4	2.89632931984589e-06
395.6	2.97778040944897e-06
395.8	3.10021057079223e-06
396	3.26403164485858e-06
396.2	3.47044595577336e-06
396.4	3.7211218015239e-06
396.6	4.01790744937417e-06
396.8	4.36260817724372e-06
397	4.75688702636846e-06
397.2	5.20238496866288e-06
397.4	5.70117926061428e-06
397.6	6.25670970485525e-06
397.8	6.87533401566217e-06
398	7.56885446825739e-06
398.2	8.35914174862911e-06
398.4	9.2893459054114e-06
398.6	1.04642474601122e-05
398.8	1.22960061682183e-05
399	1.99780114622057e-05
399.2	4.07728956496611e-05
399.4	1.83507580607291e-05
399.6	1.98224434754832e-05
399.8	2.30698375332963e-05
400	2.77367079008049e-05
400.2	3.42930058953774e-05
400.4	4.36816728047845e-05
400.6	5.75728416050635e-05
400.8	7.90235879868665e-05
401	0.000114006667343713
401.2	0.000175264035550677
401.4	0.000293361342182034
401.6	0.000554493155900926
401.8	0.0012648873490291
402	0.00388821466829055
402.2	0.0117660495012998
402.4	0.00630049618277728
402.6	0.00267822219466435
402.8	0.00156240201527494
403	0.00112404125696545
403.2	0.000930359775088078
403.4	0.000854852341790716
403.6	0.000856092501743632
403.8	0.00092634787552157
404	0.00108045079818652
404.2	0.00136105350978486
404.4	0.00185906060914095
404.6	0.00274711240173519
404.8	0.00422469194251323
405	0.0058155526976585
405.2	0.00566253492811381
405.4	0.00409851891867413
405.6	0.00263770346362426
405.8	0.00180362166699047
406	0.00133003245786695
406.2	0.00105203215448699
406.4	0.000884955606998774
406.6	0.000785869261243285
406.8	0.000732960980476671
407	0.000716214545989735
407.2	0.00073484462374758
407.4	0.00079599941295006
407.6	0.000860857675049338
407.8	0.000958189079082058
408	0.0011295251029271
408.2	0.00139355144912155
408.4	0.0017894241912837
408.6	0.00237039047020056
408.8	0.00316991877226277
409	0.00409111008160276
409.2	0.004769462831135
409.4	0.00479669296071932
409.6	0.00425169232532087
409.8	0.00354545907398661
410	0.00294044622296543
410.2	0.00249881865210347
410.4	0.00220266123330405
410.6	0.00202168958202104
410.8	0.00193311226205368
411	0.00192442479149541
411.2	0.00199311700304776
411.4	0.00214860656239642
411.6	0.00241469391553522
411.8	0.00283518742142939
412	0.00348833406698301
412.2	0.00451480506614074
412.4	0.00616969078627454
412.6	0.00890270039906036
412.8	0.0133675156480946
413	0.0197300421967043
413.2	0.0251894827037861
413.4	0.0247778343277265
413.6	0.0199178414037797
413.8	0.0151115233340834
414	0.0117691789706153
414.2	0.00966835292672526
414.4	0.00841256844817399
414.6	0.00773394311499933
414.8	0.00748562768167103
415	0.00760434851048568
415.2	0.00808712477089782
415.4	0.00898053638920844
415.6	0.0103720569194791
415.8	0.0123597070321737
416	0.0149439882572266
416.2	0.0177649750818026
416.4	0.0198168439754166
416.6	0.0198776604221136
416.8	0.0178321048560152
417	0.0148367570620193
417.2	0.0119996506767401
417.4	0.00975569822993343
417.6	0.00811459131408861
417.8	0.0069569087491862
418	0.00616139794799929
418.2	0.00563679746387629
418.4	0.00532202782290864
418.6	0.00517989196642891
418.8	0.00519148928829094
419	0.00535271584746628
419.2	0.00567271051058635
419.4	0.00617378985356407
419.6	0.00689218639956061
419.8	0.00787818396670281
420	0.00919235174732492
420.2	0.0108906931191839
420.4	0.0129861833213103
420.6	0.0153753482366778
420.8	0.0177509966138341
421	0.0196040187514697
421.2	0.0204433979790195
421.4	0.0201279048330343
421.6	0.0189466158136707
421.8	0.0173663268394614
422	0.0157644520699972
422.2	0.014346787938864
422.4	0.0131880515591796
422.6	0.0122931561176639
422.8	0.0116391683555813
423	0.0111969301604614
423.2	0.0109403581927833
423.4	0.0108497738604816
423.6	0.0109127763944317
423.8	0.011124303923426
424	0.0114865237526011
424.2	0.0120086472985954
424.4	0.0127063559724273
424.6	0.013599999440549
424.8	0.0147098339530602
425	0.0160450933335326
425.2	0.0175819430048624
425.4	0.0192258863311182
425.6	0.020764559077822
425.8	0.0218471845653405
426	0.0220644942939343
426.2	0.0211644649365329
426.4	0.0192574166805619
426.6	0.0167738809179374
426.8	0.0142023798478056
427	0.0118754796457474
427.2	0.00993291082255899
427.4	0.00838581964622672
427.6	0.00718726991223249
427.8	0.00627561215117456
428	0.00559410030619201
428.2	0.00509730466078206
428.4	0.0047518118691773
428.6	0.00453507832985748
428.8	0.00443412589162332
429	0.00444470748062229
429.2	0.004570991434938
429.4	0.00482529774731264
429.6	0.00522837546004165
429.8	0.00581352243349957
430	0.00662647379440803
430.2	0.00770662646189203
430.4	0.00904035422716005
430.6	0.0104624205933261
430.8	0.0115437902717922
431	0.0117033930211492
431.2	0.0107180487228986
431.4	0.00901652164007955
431.6	0.00722852713492677
431.8	0.00571478486217312
432	0.00455515718989096
432.2	0.00370330821828218
432.4	0.00308662118318994
432.6	0.00264215166753386
432.8	0.00232340429469761
433	0.00209820061683238
433.2	0.00194512452069733
433.4	0.00185062659486852
433.6	0.00180713366891588
433.8	0.00181211137446687
434	0.00186805460983103
434.2	0.00198336316773337
434.4	0.00217230722728031
434.6	0.00244576808676595
434.8	0.0028124449493458
435	0.00333238996798287
435.2	0.00409851041575439
435.4	0.00520706949451056
435.6	0.00671505734379327
435.8	0.00844035934833186
436	0.00964187651652027
436.2	0.00937749118322272
436.4	0.00780155218869821
436.6	0.00594828121818593
436.8	0.00444322114720157
437	0.0033723977790763
437.2	0.00263836481849122
437.4	0.00213555600125057
437.6	0.00178773901744766
437.8	0.00154527791714427
438	0.00137679636342713
438.2	0.00126268882805159
438.4	0.00119098097215519
438.6	0.00115486703700442
438.8	0.00115131231144403
439	0.00118034137588642
439.2	0.00124490343834654
439.4	0.00135159664485468
439.6	0.00151308920335838
439.8	0.00175372003874922
440	0.00211955934191354
440.2	0.00267697353815255
440.4	0.00335688393541365
440.6	0.00381371916503912
440.8	0.00444052580716553
441	0.00569498977290266
441.2	0.00755818828493591
441.4	0.00947456096233359
441.6	0.0101146818795927
441.8	0.00885057477952138
442	0.00680038374563087
442.2	0.00502408969876971
442.4	0.00375926653371322
442.6	0.00290465021185522
442.8	0.00232748458573195
443	0.00193176430263568
443.2	0.00165613389208326
443.4	0.00146238142209128
443.6	0.00132663587652832
443.8	0.00123387393790321
444	0.00117467077448273
444.2	0.00114331081770288
444.4	0.00113671439169345
444.6	0.0011538759712097
444.8	0.00119565892066355
445	0.0012648888210322
445.2	0.00136676520322218
445.4	0.00150969787994144
445.6	0.00170680485539979
445.8	0.00197854969676219
446	0.00235749742401163
446.2	0.00289729028348931
446.4	0.00368977192370448
446.6	0.00487995289757038
446.8	0.00661334828484668
447	0.00926551553129665
447.2	0.0133573893730782
447.4	0.0187017110305142
447.6	0.0227530950324356
447.8	0.0218199561711663
448	0.0171719794690154
448.2	0.0124987295284471
448.4	0.00910736599761256
448.6	0.00684244784318486
448.8	0.00533263636567793
449	0.00430261321431419
449.2	0.00357977054182082
449.4	0.00305894276494855
449.6	0.00267532856921347
449.8	0.00238807122861955
450	0.00217077947443239
450.2	0.00200605256248772
450.4	0.00188226733653473
450.6	0.00179165815348301
450.8	0.00172915760896055
451	0.00169170463960838
451.2	0.00167785957423227
451.4	0.00168764538491638
451.6	0.00172258917062891
451.8	0.00178598940979311
452	0.00188350943173577
452.2	0.00202435941647295
452.4	0.0022238028290374
452.6	0.00250951137595923
452.8	0.0029416913121649
453	0.0036331555555604
453.2	0.00433476266520157
453.4	0.00527266888080771
453.6	0.00688579983491931
453.8	0.00945292674058997
454	0.0132692188058956
454.2	0.0176775877804837
454.4	0.019449470162806
454.6	0.016288909391436
454.8	0.0114393613240136
455	0.0077057350412555
455.2	0.0053179624900658
455.4	0.00383032171596862
455.6	0.00288192477961407
455.8	0.00225629496047421
456	0.00182985490815967
456.2	0.0015312215629149
456.4	0.00131799528711013
456.6	0.00116428087808781
456.8	0.00105398444766302
457	0.000977216197667927
457.2	0.000928520851827049
457.4	0.000906575971374282
457.6	0.000916225424601989
457.8	0.00097783691822747
458	0.00117093346053448
458.2	0.00183138853689358
458.4	0.00230656814131565
458.6	0.00153099848237225
458.8	0.00135617900079939
459	0.00142062119630353
459.2	0.00161268550610044
459.4	0.00193727722703833
459.6	0.00245454414584356
459.8	0.00329632196496442
460	0.00473310786803712
460.2	0.00730387515410179
460.4	0.0117793451142851
460.6	0.0170383773509568
460.8	0.0165134822174511
461	0.0109362043345684
461.2	0.00662632082294855
461.4	0.00421692082879923
461.6	0.00288288924823505
461.8	0.00210293183628263
462	0.00161996943434105
462.2	0.00130651295798847
462.4	0.00109601026130119
462.6	0.000951758458300915
462.8	0.000852554682003043
463	0.000785786671778187
463.2	0.000744013217212327
463.4	0.000723342689529539
463.6	0.000722942500972936
463.8	0.00074567355219774
464	0.000800823693273136
464.2	0.000912925059756596
464.4	0.00115413226403679
464.6	0.00179961484185386
464.8	0.00420777922434354
465	0.00508823591891246
465.2	0.00192596278794001
465.4	0.00130199127575371
465.6	0.00123918769403063
465.8	0.00137109326312762
466	0.00164921456909303
466.2	0.00211480982036299
466.4	0.00288865545065871
466.6	0.00423925276118104
466.8	0.00676876852189553
467	0.0117340054371795
467.2	0.0199108262046837
467.4	0.0231048693749195
467.6	0.0156860860187294
467.8	0.00909648247994119
468	0.00558058012792759
468.2	0.00372986164068893
468.4	0.00268372367841789
468.6	0.00204830038614195
468.8	0.00163907467591974
469	0.0013634746979413
469.2	0.00117177970774056
469.4	0.0010356721829555
469.6	0.000938242189256739
469.8	0.000869028718940336
470	0.000821422943547274
470.2	0.000791248953659777
470.4	0.000775967572569468
470.6	0.000774232037476125
470.8	0.000785660349778936
471	0.000810760507611732
471.2	0.000850989230246995
471.4	0.000908963737935006
471.6	0.000988902259152672
471.8	0.00109749303073479
472	0.00124576305994132
472.2	0.001453945614128
472.4	0.00176783741787859
472.6	0.00229759151511978
472.8	0.00282197462829395
473	0.00335127464887041
473.2	0.00439407573188387
473.4	0.00614605835298974
473.6	0.00907306020346111
473.8	0.0138908184638261
474	0.0206030483122127
474.2	0.0252121575877373
474.4	0.0223856454695601
474.6	0.0160119957341495
474.8	0.0109204986829798
475	0.00767266587723432
475.2	0.00565391790330536
475.4	0.00436292143702351
475.6	0.003504657224055
475.8	0.00291299262236781
476	0.00249256067849817
476.2	0.00218666287616382
476.4	0.00196032714473006
476.6	0.0017912416748569
476.8	0.00166475299334253
477	0.0015710105131695
477.2	0.00150328202294592
477.4	0.00145693040067993
477.6	0.00142877683769094
477.8	0.00141669794989683
478	0.0014193696864973
478.2	0.00143610735731606
478.4	0.00146677213028085
478.6	0.0015117271252872
478.8	0.00157183462968064
479	0.0016484922985105
479.2	0.00174371218042378
479.4	0.00186025388685312
479.6	0.00200183539046203
479.8	0.00217346921685695
480	0.00238202873568528
480.2	0.00263730398076363
480.4	0.00295429422868168
480.6	0.00335927856367442
480.8	0.00390969630858785
481	0.00476171918315426
481.2	0.00602888477815809
481.4	0.00656742489521117
481.6	0.00720231241285626
481.8	0.00837605084223862
482	0.0100002183803214
482.2	0.0120761236586772
482.4	0.0145965690898456
482.6	0.0174402821720823
482.8	0.0202629906437548
483	0.0224703596807204
483.2	0.0234298057837212
483.4	0.0228772177892336
483.6	0.0211098809805834
483.8	0.0187313101679191
484	0.0162758540056366
484.2	0.014049536625601
484.4	0.0121651519243306
484.6	0.0106278941874135
484.8	0.00939921499424697
485	0.00843072412940113
485.2	0.00767889441098153
485.4	0.00711034882087407
485.6	0.00670279100092836
485.8	0.00644119023213019
486	0.00630065907566136
486.2	0.00621212787869332
486.4	0.00608153499301813
486.6	0.00590800421095947
486.8	0.00576936166018051
487	0.00571138166257621
487.2	0.00574024766055732
487.4	0.00585095711776247
487.6	0.00603973620407783
487.8	0.0063063392143734
488	0.0066536168842478
488.2	0.0070866042635298
488.4	0.00761144926877271
488.6	0.00823400324080522
488.8	0.0089577766194502
489	0.00978097459434856
489.2	0.0106925032773345
489.4	0.0116673177385512
489.6	0.0126623881133907
489.8	0.013615723366002
490	0.0144515030967946
490.2	0.015093013858398
490.4	0.0154810187058184
490.6	0.0155903787539493
490.8	0.0154366587848814
491	0.0150694704999804
491.2	0.0145567959527151
491.4	0.0139682658853584
491.6	0.0133634067275721
491.8	0.0127864506409319
492	0.0122661339844775
492.2	0.0118180758199536
492.4	0.0114479789383183
492.6	0.0111549135124968
492.8	0.0109346228007569
493	0.0107827971785324
493.2	0.0106977194948674
493.4	0.0106813584157865
493.6	0.0107386216468314
493.8	0.0108755999129476
494	0.0110979947697337
494.2	0.0114102949804252
494.4	0.0118155125686031
494.6	0.0123150168527284
494.8	0.0129081142952872
495	0.0135912228613294
495.2	0.0143566521354225
495.4	0.0151911364760689
495.6	0.0160744200954307
495.8	0.0169783678657085
496	0.0178672146697375
496.2	0.018699546091947
496.4	0.0194322835095861
496.6	0.0200262886294496
496.8	0.0204524033722014
497	0.020696231343431
497.2	0.020760159310577
497.4	0.0206620410714176
497.6	0.0204311551901581
497.8	0.0201028608505856
498	0.0197134706197634
498.2	0.0192963701880459
498.4	0.0188797394999106
498.6	0.0184857036202777
498.8	0.0181304895977945
499	0.0178251412434934
499.2	0.0175764401185265
499.4	0.0173878080572514
499.6	0.0172600753903369
499.8	0.0171920744718431
500	0.0171810629993562
500.2	0.0172230048005646
500.4	0.0173127459587006
500.6	0.0174441278725007
500.8	0.0176100780640256
501	0.0178027173660191
501.2	0.0180135169147149
501.4	0.0182335293304668
501.6	0.0184537048622647
501.8	0.0186652854275378
502	0.0188602495782978
502.2	0.0190317634642124
502.4	0.019174581744942
502.6	0.0192853422553654
502.8	0.0193627105586851
503	0.0194073531385664
503.2	0.0194217453624608
503.4	0.0194098455011687
503.6	0.0193766830454091
503.8	0.0193279153267595
504	0.0192694015843269
504.2	0.0192068313770706
504.4	0.0191454289636474
504.6	0.0190897408289987
504.8	0.0190435024174448
505	0.0190095732615924
505.2	0.018989926789917
505.4	0.018985681311211
505.6	0.0189971600095862
505.8	0.0190239707454348
506	0.0190650993034832
506.2	0.0191190113356837
506.4	0.0191837596734181
506.6	0.0192570942337016
506.8	0.0193365716772855
507	0.0194196615381308
507.2	0.0195038450236372
507.4	0.0195867023735622
507.6	0.0196659848006847
507.8	0.0197396677578586
508	0.019805983594966
508.2	0.0198634334617029
508.4	0.0199107803436391
508.6	0.0199470270922281
508.8	0.0199713849237145
509	0.0199832388690767
509.2	0.0199821168999671
509.4	0.019967668883763
509.6	0.0199396601867532
509.8	0.01989798278708
510	0.019842684385309
510.2	0.0197740134679238
510.4	0.0196924758751065
510.6	0.0195988964134083
510.8	0.0194944780585465
511	0.0193808506709769
511.2	0.0192601018858653
511.4	0.0191347847297715
511.6	0.019007898819478
511.8	0.0188828446847506
512	0.0187633532519327
512.2	0.0186533943482532
512.4	0.0185570688701854
512.6	0.0184784888146505
512.8	0.0184216477116033
513	0.0183902813108511
513.2	0.0183877149865404
513.4	0.0184166906429538
513.6	0.0184791624410375
513.8	0.018576048081362
514	0.0187069216412929
514.2	0.0188696365379929
514.4	0.0190598752354906
514.6	0.019270638730182
514.8	0.0194917168685155
515	0.019709222443807
515.2	0.019905326316461
515.4	0.0200583877409216
515.6	0.0201437103265214
515.8	0.0201351308040678
516	0.0200075198904627
516.2	0.0197400201179765
516.4	0.0193195062315207
516.6	0.0187434596869558
516.8	0.0180213875591614
517	0.0171742120334175
517.2	0.0162316499152557
517.4	0.0152282350183445
517.6	0.0141990047427781
517.8	0.0131758258982333
518	0.0121849614681398
518.2	0.0112460092052546
518.4	0.0103719815008219
518.6	0.00957012999247776
518.8	0.00884312142328207
519	0.00819026712712388
519.2	0.00760862673862879
519.4	0.00709390601085869
519.6	0.00664113514592861
519.8	0.00624515031055399
520	0.00590091564495513
520.2	0.00560372483793159
520.4	0.0053493167981894
520.6	0.0051339332126806
520.8	0.00495433903633463
521	0.00480782118842759
521.2	0.00469217621382585
521.4	0.00460569428744378
521.6	0.00454714447815042
521.8	0.0045157649115938
522	0.00451126016483294
522.2	0.00453380762361946
522.4	0.00458407418164621
522.6	0.00466324441375433
522.8	0.00477306111833442
523	0.00491587874825622
523.2	0.00509472952347197
523.4	0.00531340061719213
523.6	0.00557651821477986
523.8	0.00588962964289231
524	0.00625926691126418
524.2	0.00669296217385019
524.4	0.00719916589944645
524.6	0.00778699129144268
524.8	0.00846567824691983
525	0.009243654228853
525.2	0.0101271047930838
525.4	0.0111180929472168
525.6	0.0122124455501629
525.8	0.0133976335978991
526	0.0146504800524743
526.2	0.0159341792342225
526.4	0.0171950193259444
526.6	0.018361452816995
526.8	0.0193493957407648
527	0.0200755546205331
527.2	0.0204758510012057
527.4	0.0205218056463104
527.6	0.0202274431569068
527.8	0.0196437835562603
528	0.0188442523309907
528.2	0.0179078491269668
528.4	0.01690595339013
528.6	0.0158951914389566
528.8	0.0149157194239474
529	0.0139929156174407
529.2	0.0131405308153767
529.4	0.0123639978845656
529.6	0.0116632617674157
529.8	0.0110349372893518
530	0.0104738329003842
530.2	0.00997396526970596
530.4	0.00952920067123645
530.6	0.00913363888514208
530.8	0.00878182734616495
531	0.00846886758261455
531.2	0.00819045577871097
531.4	0.00794288464188183
531.6	0.00772302368840311
531.8	0.00752828842481956
532	0.00735660470031301
532.2	0.00720637196537168
532.4	0.00707642774343173
532.6	0.00696601486089452
532.8	0.00687475258263883
533	0.00680261288905968
533.2	0.00674990299678719
533.4	0.00671725527944476
533.6	0.0067056257851222
533.8	0.00671630255431611
534	0.00675092492220484
534.2	0.00681151493040485
534.4	0.00690052183809681
534.6	0.00702088041941754
534.8	0.00717608307356724
535	0.00737026438632736
535.2	0.00760829396218666
535.4	0.00789586775719268
535.6	0.00823957724485481
535.8	0.00864691479814346
536	0.00912613434922914
536.2	0.0096858167041382
536.4	0.0103338823822404
536.6	0.0110756928882862
536.8	0.0119109742436371
537	0.0128299392346598
537.2	0.0138099985002398
537.4	0.0148139319325854
537.6	0.0157875532677809
537.8	0.0166556553709629
538	0.017322199382134
538.2	0.0176835481393615
538.4	0.0176557430511852
538.6	0.0172050626636966
538.8	0.0163646701918383
539	0.0152261681152645
539.2	0.0139107544131265
539.4	0.0125364707448226
539.6	0.0111960991378772
539.8	0.00994985932182202
540	0.00882878549589985
540.2	0.00784260036914336
540.4	0.0069877235412271
540.6	0.00625350512270237
540.8	0.00562638280320837
541	0.00509234766598032
541.2	0.00463824456696344
541.4	0.00425235028167904
541.6	0.00392454063881821
541.8	0.00364624383658747
542	0.00341029622493376
542.2	0.00321076496972917
542.4	0.00304277085456201
542.6	0.00290232665439724
542.8	0.00278619677346566
543	0.00269177877947427
543.2	0.00261700501857501
543.4	0.00256026145595663
543.6	0.0025203205916066
543.8	0.00249628542437651
544	0.00248754187719891
544.2	0.00249371790435177
544.4	0.00251464869654093
544.6	0.00255034929014198
544.8	0.00260099813795058
545	0.00266693734630483
545.2	0.00274869641613879
545.4	0.00284704521387357
545.6	0.00296307795154326
545.8	0.00309832405554654
546	0.00325487653656282
546.2	0.0034355269356471
546.4	0.00364389955350109
546.6	0.00388458482060508
546.8	0.00416327823366624
547	0.00448693276813924
547.2	0.00486392547549873
547.4	0.00530421937684022
547.6	0.00581946289948389
547.8	0.00642289770001697
548	0.00712882368631518
548.2	0.00795119757220247
548.4	0.00890082645277992
548.6	0.00998098405087189
548.8	0.0111829480642882
549	0.0124858127765211
549.2	0.0138642378647828
549.4	0.0152971241869329
549.6	0.0167612712693738
549.8	0.0182099052023071
550	0.019558229419194
550.2	0.0206925086222085
550.4	0.0214991513077756
550.6	0.0218990638392622
550.8	0.0218711051765518
551	0.0214545700000785
551.2	0.0207321697596891
551.4	0.0198043680300262
551.6	0.0187668667512827
551.8	0.0176973489023778
552	0.0166513584609966
552.2	0.0156641014951518
552.4	0.0147548055401299
552.6	0.0139314102077226
552.8	0.0131945359328285
553	0.0125404427172911
553.2	0.0119630616692061
553.4	0.0114553057312922
553.6	0.011009869811327
553.8	0.0106196909853585
554	0.010278193057913
554.2	0.00997940028395825
554.4	0.00971797554592287
554.6	0.00948921769264567
554.8	0.00928903897688114
555	0.0091139345802418
555.2	0.00896095054698896
555.4	0.00882765297426859
555.6	0.0087120992970733
555.8	0.00861281148010364
556	0.00852875056279845
556.2	0.00845929207602227
556.4	0.00840420220258893
556.6	0.00836361485551436
556.8	0.00833801049900197
557	0.00832819788453146
557.2	0.00833530010462127
557.4	0.00836074654648243
557.6	0.00840627235519313
557.8	0.00847392693942631
558	0.00856609289410697
558.2	0.00868551647535534
558.4	0.00883535039567214
558.6	0.0090192090631952
558.8	0.00924123512236252
559	0.00950617352594536
559.2	0.00981944385618783
559.4	0.0101871901577263
559.6	0.0106162643041482
559.8	0.0111140538590907
560	0.0116879854670733
560.2	0.0123444182773642
560.4	0.0130865523784634
560.6	0.0139111621932703
560.8	0.0148049018129684
561	0.0157426691102992
561.2	0.0166909439671926
561.4	0.0176146795221127
561.6	0.0184804550915061
561.8	0.0192516927368996
562	0.019881941341148
562.2	0.0203149905492311
562.4	0.0204941940220973
562.6	0.0203771048133935
562.8	0.0199490401896491
563	0.0192296906552526
563.2	0.0182699356417765
563.4	0.0171405140926627
563.6	0.0159175320006093
563.8	0.0146700451807701
564	0.0134526580936378
564.2	0.012303295625605
564.4	0.0112446151049196
564.6	0.0102871849396408
564.8	0.00943300889480127
565	0.00867861383684214
565.2	0.00801741845468007
565.4	0.00744138826564583
565.6	0.00694210437857103
565.8	0.00651139911925873
566	0.00614169348169999
566.2	0.00582614007776365
566.4	0.00555864523398688
566.6	0.00533382030301972
566.8	0.00514689589508983
567	0.00499362259360501
567.2	0.00487017615661387
567.4	0.00477308226352711
567.6	0.00469917334701382
567.8	0.0046455857912929
568	0.0046097983877997
568.2	0.00458970283354639
568.4	0.00458368705555255
568.6	0.00459070664035677
568.8	0.00461032216820469
569	0.00464269080227172
569.2	0.00468851487667746
569.4	0.00474896233931667
569.6	0.00482557943059348
569.8	0.00492021401148883
570	0.00503496122428681
570.2	0.00517213518681782
570.4	0.00533426374991235
570.6	0.00552409884964705
570.8	0.00574463216265013
571	0.00599910342502327
571.2	0.00629098568663844
571.4	0.00662392704718095
571.6	0.00700162194799299
571.8	0.00742757845319263
572	0.00790474624213549
572.2	0.00843498465121835
572.4	0.00901840048362428
572.6	0.00965269239910158
572.8	0.0103327960648966
573	0.0110512404342408
573.2	0.0117994901445927
573.4	0.0125699732295366
573.6	0.0133576894814536
573.8	0.0141600459399667
574	0.0149744930323439
574.2	0.0157950542769241
574.4	0.0166095872810665
574.6	0.0173990642090435
574.8	0.0181390585324085
575	0.0188028301786684
575.2	0.0193651099498955
575.4	0.019805694895849
575.6	0.0201121211726601
575.8	0.0202809480958968
576	0.020317542669459
576.2	0.0202346103374188
576.4	0.0200499611902748
576.6	0.0197840654144052
576.8	0.0194578539965216
577	0.019091036183724
577.2	0.0187010174832267
577.4	0.0183023648714228
577.6	0.0179066947415821
577.8	0.0175228426538718
578	0.0171571908819948
578.2	0.0168140605733773
578.4	0.0164961070971474
578.6	0.0162046834238491
578.8	0.0159401553009012
579	0.0157021641479282
579.2	0.0154898405239717
579.4	0.0153019743313516
579.6	0.0151371489597339
579.8	0.0149938463157667
580	0.0148705287796788
580.2	0.014765702984756
580.4	0.0146779691627106
580.6	0.0146060587619951
580.8	0.0145488621829941
581	0.014505447799154
581.2	0.0144750729349631
581.4	0.0144571871225277
581.6	0.0144514277195105
581.8	0.0144576077974829
582	0.0144756960559781
582.2	0.0145057883454249
582.4	0.0145480701716759
582.6	0.0146027693092156
582.8	0.0146700974544513
583	0.0147501798272134
583.2	0.0148429719824598
583.4	0.0149481641983369
583.6	0.0150650760016389
583.8	0.015192546941821
584	0.0153288345014224
584.2	0.0154715351388483
584.4	0.0156175479715553
584.6	0.0157630998067534
584.8	0.0159038427596203
585	0.0160350215280675
585.2	0.0161516903994485
585.4	0.0162489474513973
585.6	0.0163221520330567
585.8	0.0163671031391269
586	0.0163801751208726
586.2	0.0163584235253007
586.4	0.0162996798550925
586.6	0.016202648166709
586.8	0.0160670032704914
587	0.015893476960633
587.2	0.0156839109093953
587.4	0.0154412550047462
587.6	0.0151694971434063
587.8	0.0148735218959231
588	0.0145589074421323
588.2	0.0142316795975279
588.4	0.0138980466606561
588.6	0.0135641387086005
588.8	0.0132357706481795
589	0.0129182414264069
589.2	0.0126161742101505
589.4	0.0123333957254629
589.6	0.0120728486381047
589.8	0.0118365291000492
590	0.0116254428729623
590.2	0.0114395773805282
590.4	0.011277892783681
590.6	0.0111383416531496
590.8	0.0110179323005629
591	0.0109128531246442
591.2	0.0108186722602399
591.4	0.0107306170793974
591.6	0.0106439223583601
591.8	0.0105542175083257
592	0.0104579076246977
592.2	0.0103524959063781
592.4	0.0102367995282244
592.6	0.0101110265286876
592.8	0.0099767032095564
593	0.00983646400078425
593.2	0.00969373391513598
593.4	0.00955234519881216
593.6	0.00941613418838174
593.8	0.00928856228184049
594	0.00917239726286269
594.2	0.00906947945380282
594.4	0.00898058360540206
594.6	0.00890537489184067
594.8	0.00884244835399247
595	0.00878943682546772
595.2	0.00874317233308474
595.4	0.00869988843186048
595.6	0.00865545366982501
595.8	0.00860562749642047
596	0.00854632851097001
596.2	0.00847390129052457
596.4	0.00838536355188558
596.6	0.00827861215427141
596.8	0.00815256652013672
597	0.00800723275644539
597.2	0.00784368080932271
597.4	0.00766393877343246
597.6	0.00747082020192963
597.8	0.00726770907016299
598	0.00705833099081156
598.2	0.00684653791302144
598.4	0.0066361278634834
598.6	0.00643071314421987
598.8	0.00623364161336134
599	0.00604796721660444
599.2	0.00587645718517634
599.4	0.00572161111794121
599.6	0.00558564426456129
599.8	0.00547034030439505
600	0.0053765903240934
600.2	0.00530331289812274
600.4	0.00524546002888515
600.6	0.00519158203212079
600.8	0.0051239120952284
601	0.00502624802387608
601.2	0.0048981313869569
601.4	0.00475915554023299
601.6	0.00463496804476471
601.8	0.00454227198179499
602	0.00448648752556736
602.2	0.00446670073201958
602.4	0.00448020405751004
602.6	0.00452471533236639
602.8	0.00459908600164733
603	0.00470339078703542
603.2	0.00483885499188668
603.4	0.0050077921465953
603.6	0.00521360273032747
603.8	0.00546084311924823
604	0.00575536324878357
604.2	0.0061045100007264
604.4	0.00651739216606027
604.6	0.00700519698151433
604.8	0.00758153227401883
605	0.00826273321849402
605.2	0.00906800285312612
605.4	0.0100191244127826
605.6	0.01113925204594
605.8	0.0124499113727865
606	0.0139648226907357
606.2	0.0156786890970988
606.4	0.0175493896444174
606.6	0.0194747883399042
606.8	0.0212729873239507
607	0.0226867527940472
607.2	0.023437422654234
607.4	0.0233282936696769
607.6	0.0223427812080261
607.8	0.0206594534254262
608	0.018568101755887
608.2	0.0163545481726521
608.4	0.0142273336189449
608.6	0.0123030812748126
608.8	0.0106263739536709
609	0.00919744496216469
609.2	0.00799435998151414
609.4	0.00698700862227373
609.6	0.00614461087688229
609.8	0.00543914091967523
610	0.0048465077069364
610.2	0.00434663445536986
610.4	0.00392306838178454
610.6	0.00356244095836794
610.8	0.0032539272043597
611	0.00298876403908043
611.2	0.00275984491842779
611.4	0.00256138886159292
611.6	0.00238867473579591
611.8	0.00223782982211912
612	0.00210566224850309
612.2	0.00198952831511486
612.4	0.00188722733054289
612.6	0.00179691804580403
612.8	0.00171705201998301
613	0.00164632026575335
613.2	0.00158361032877528
613.4	0.00152797158632469
613.6	0.00147858704155655
613.8	0.00143475027050644
614	0.00139584647398183
614.2	0.00136133681561763
614.4	0.00133074540597493
614.6	0.00130364843256681
614.8	0.00127966504620224
615	0.00125844970195266
615.2	0.00123968572354908
615.4	0.00122307991690463
615.6	0.00120835810444522
615.8	0.00119526148883511
616	0.00118354378359956
616.2	0.0011729690695997
616.4	0.00116331035039407
616.6	0.00115434878606712
616.8	0.00114587358388815
617	0.00113768251513352
617.2	0.00112958301092671
617.4	0.00112139376705351
617.6	0.00111294676027698
617.8	0.00110408954950844
618	0.00109468770791338
618.2	0.00108462721079036
618.4	0.0010738165929992
618.6	0.0010621886924037
618.8	0.00104970181447419
619	0.00103634018528208
619.2	0.00102211361142314
619.4	0.00100705632174357
619.6	0.000991225026029396
619.8	0.000974696284183092
620	0.000957563327794361
620.2	0.000939932510147366
620.4	0.000921919577128193
620.6	0.000903645947729986
620.8	0.000885235179929439
621	0.000866809765433915
621.2	0.000848488359450515
621.4	0.000830383511652739
621.6	0.000812599925702028
621.8	0.000795233240624015
622	0.000778369300140759
622.2	0.000762083856629773
622.4	0.000746442644610486
622.6	0.000731501753707428
622.8	0.000717308231628719
623	0.000703900852381512
623.2	0.000691310992314307
623.4	0.000679563565387937
623.6	0.000668677978343988
623.8	0.000658669075423591
624	0.000649548050509824
624.2	0.000641323311742062
624.4	0.000634001289669914
624.6	0.000627587184879402
624.8	0.000622085654818854
625	0.000617501442399934
625.2	0.000613839951000528
625.4	0.000611107771894881
625.6	0.000609313171027677
625.8	0.000608466542551469
626	0.000608580836774287
626.2	0.000609671970197895
626.4	0.00061175922520334
626.6	0.000614865646572526
626.8	0.000619018443036967
627	0.000624249400335972
627.2	0.000630595312487897
627.4	0.000638098438402807
627.6	0.000646806990639042
627.8	0.00065677566308016
628	0.000668066204319679
628.2	0.00068074804356956
628.4	0.000694898975932924
628.6	0.000710605913874779
628.8	0.00072796571164195
629	0.000747086069175151
629.2	0.000768086521650178
629.4	0.000791099520088804
629.6	0.00081627160737579
629.8	0.000843764692352922
630	0.000873757422236925
630.2	0.000906446649927643
630.4	0.000942048987947691
630.6	0.00098080243665064
630.8	0.00102296806184199
631	0.00106883168759334
631.2	0.00111870555526971
631.4	0.00117292988051531
631.6	0.00123187421580569
631.8	0.00129593849600995
632	0.00136555360733028
632.2	0.00144118127523165
632.4	0.00152331301420922
632.6	0.001612467821773
632.8	0.00170918823238128
633	0.00181403427755818
633.2	0.00192757483205991
633.4	0.00205037577239153
633.6	0.00218298434764496
633.8	0.00232590918373164
634	0.00247959543703894
634.2	0.0026443948143702
634.4	0.00282053051764009
634.6	0.00300805768558297
634.8	0.00320682061722258
635	0.00341640895410889
635.2	0.00363611602969862
635.4	0.00386490365491701
635.6	0.00410137850820717
635.8	0.00434378578875642
636	0.00459002558498849
636.2	0.00483769624797419
636.4	0.0050841668039878
636.6	0.00532667717675278
636.8	0.00556246109344377
637	0.00578888267741503
637.2	0.00600357471084326
637.4	0.00620456516381768
637.6	0.0063903793216632
637.8	0.00656010770513614
638	0.00671343444731236
638.2	0.00685062595273269
638.4	0.00697248447955617
638.6	0.00708027488448103
638.8	0.00717563466538172
639	0.00726047758729412
639.2	0.00733689991159489
639.4	0.0074070960986738
639.6	0.00747328838245885
639.8	0.00753767227983682
640	0.00760237819257578
640.2	0.00766944791040528
640.4	0.0077408240235461
640.6	0.00781834990564181
640.8	0.00790377794973861
641	0.00799878395548107
641.2	0.00810498590855631
641.4	0.00822396577906433
641.6	0.00835729334158224
641.8	0.00850655135899335
642	0.00867336176246861
642.2	0.00885941269988876
642.4	0.00906648651942066
642.6	0.00929648891170237
642.8	0.00955147955826149
643	0.00983370475754373
643.2	0.0101456325911419
643.4	0.010489991279336
643.6	0.0108698114860309
643.8	0.0112884734383151
644	0.0117497598484984
644.2	0.0122579157685036
644.4	0.0128177166724944
644.6	0.0134345462581996
644.8	0.0141144856851085
645	0.014864416233085
645.2	0.0156921376719887
645.4	0.0166065049851093
645.6	0.0176175864883262
645.8	0.0187368468322713
646	0.0199773588609516
646.2	0.0213540488148593
646.4	0.0228839798855775
646.6	0.0245866796109777
646.8	0.0264845169777565
647	0.0286031352650951
647.2	0.0309719464566488
647.4	0.0336246922244829
647.6	0.0366000746888495
647.8	0.0399424568656915
648	0.0437026271972629
648.2	0.0479386138086377
648.4	0.052716520780946
648.6	0.0581113390099807
648.8	0.0642076559385193
649	0.0711001491153098
649.2	0.0788936956785946
649.4	0.0877028618202135
649.6	0.0976504536453001
649.8	0.108864718935306
650	0.121474702027986
650.2	0.1356031988482
650.4	0.151356782571849
650.6	0.168812540916704
650.8	0.188001568607421
651	0.208889972728784
651.2	0.231359199886405
651.4	0.255188780692459
651.6	0.280045795496841
651.8	0.30548594871526
652	0.330970436126515
652.2	0.355900324929673
652.4	0.379666097378429
652.6	0.401705401360207
652.8	0.421558669638537
653	0.438911768604292
653.2	0.453617764785923
653.4	0.465695229508818
653.6	0.475306145203184
653.8	0.482720413220641
654	0.488275226352341
654.2	0.492336455557658
654.4	0.495266773100025
654.6	0.497402622410698
654.8	0.499040082446729
655	0.500428407359759
655.2	0.501769459500227
655.4	0.503221172309856
655.6	0.504903370010415
655.8	0.506904591624999
656	0.509288935908593
656.2	0.512102310299061
656.4	0.515377791567
656.6	0.519140057880857
656.8	0.523409015880645
657	0.528202824816784
657.2	0.533540530182792
657.4	0.539444484913478
657.6	0.545942678296909
657.8	0.553071025502548
658	0.560875600458078
658.2	0.569414721745414
658.4	0.578760721180776
658.6	0.589001131943348
658.8	0.600238922151985
659	0.612591268708227
659.2	0.626186221100579
659.4	0.641156467115164
659.6	0.657629329172534
659.8	0.675712176094315
660	0.695472760105894
660.2	0.71691474652053
660.4	0.739950041942269
660.6	0.76437146404424
660.8	0.789831544281945
661	0.81583506118342
661.2	0.841753049988286
661.4	0.866863267398731
661.6	0.890415978275282
661.8	0.911715794856919
662	0.930203316972206
662.2	0.945518156208512
662.4	0.957529386116718
662.6	0.966328956177337
662.8	0.972193909637016
663	0.975530095530627
663.2	0.976811553730055
663.4	0.976526784681551
663.6	0.975138125937195
663.8	0.973055745039373
664	0.970624570271453
664.2	0.96812100221739
664.4	0.965756055765237
664.6	0.963682099524116
664.8	0.962001124413705
665	0.960773207646816
665.2	0.960024421136404
665.4	0.95975384099702
665.6	0.959939570793276
665.8	0.960543833724415
666	0.961517254626266
666.2	0.962802470488197
666.4	0.964337198753649
666.6	0.96605686971923
666.8	0.967896901581308
667	0.969794669449836
667.2	0.971691196139315
667.4	0.973532574526155
667.6	0.975271119529983
667.8	0.976866242385558
668	0.978285040271
668.2	0.979502599495742
668.4	0.98050201892202
668.6	0.981274170504318
668.8	0.981817224187207
669	0.982135973312749
669.2	0.982241003826736
669.4	0.982147754200342
669.6	0.981875513601951
669.8	0.981446403700432
670	0.980884384870621
670.2	0.980214321368339
670.4	0.979461132759185
670.6	0.978649050304272
670.8	0.977800991570375
671	0.976938058951708
671.2	0.976079162195892
671.4	0.975240760603309
671.6	0.97443671707823
671.8	0.973678253674219
672	0.972973996561187
672.2	0.972330097301017
672.4	0.971750416813888
672.6	0.971236758333834
672.8	0.970789135901107
673	0.97040606546313
673.2	0.970084866416515
673.4	0.969821962400761
673.6	0.969613171332886
673.8	0.969453976034807
674	0.96933976832578
674.2	0.969266061090831
674.4	0.969228664541142
674.6	0.969223824588263
674.8	0.969248322890412
675	0.96929953962288
675.2	0.969375481311575
675.4	0.969474777096457
675.6	0.969596647527204
675.8	0.96974085042649
676	0.969907608498503
676.2	0.970097523244712
676.4	0.97031147942579
676.6	0.970550543838322
676.8	0.970815861625157
677	0.97110855277171
677.2	0.97142961091607
677.4	0.971779806163513
677.6	0.972159593276022
677.8	0.972569026398469
678	0.973007681415162
678.2	0.973474587297539
678.4	0.973968167619112
678.6	0.974486193757982
678.8	0.975025751507799
679	0.975583222945693
679.2	0.976154285464333
679.4	0.976733929808364
679.6	0.977316498731861
679.8	0.977895747494937
680	0.978464926839014
680.2	0.979016888328427
680.4	0.979544211052631
680.6	0.980039347713483
680.8	0.980494787030877
681	0.980903228400245
681.2	0.981257763801628
681.4	0.981552061187725
681.6	0.981780543045711
681.8	0.981938553587853
682	0.982022508120203
682.2	0.98203001858501
682.4	0.98195999006122
682.6	0.981812684104236
682.8	0.981589746148533
683	0.981294195704669
683.2	0.980930379658252
683.4	0.98050389052312
683.6	0.980021452915117
683.8	0.97949078271173
684	0.978920424279801
684.2	0.978319571745499
684.4	0.977697880532592
684.6	0.977065275314685
684.8	0.976431760148955
685	0.97580723593084
685.2	0.975201329496424
685.4	0.974623237767984
685.6	0.97408158935867
685.8	0.973584325087358
686	0.973138597959307
686.2	0.972750692385938
686.4	0.972425961778942
686.6	0.972168783178366
686.8	0.971982527267715
687	0.971869541987643
687.2	0.971831147972994
687.4	0.971867644207057
687.6	0.971978322480952
687.8	0.972161489566894
688	0.972414496455861
688.2	0.972733774378957
688.4	0.973114877705039
688.6	0.973552534139062
688.8	0.974040702904592
689	0.974572641756431
689.2	0.975140983717296
689.4	0.97573782435287
689.6	0.976354820186921
689.8	0.976983298514644
690	0.977614378409851
690.2	0.978239102096727
690.4	0.978848575223515
690.6	0.979434114466508
690.8	0.979987399239966
691	0.980500624239047
691.2	0.98096664903863
691.4	0.981379140548575
691.6	0.981732703948641
691.8	0.982022997758829
692	0.982246828957263
692.2	0.982402224537723
692.4	0.982488476584668
692.6	0.98250615880355
692.8	0.982457113432031
693	0.982344408518051
693.2	0.982172266622734
693.4	0.981945967027767
693.6	0.981671724441499
693.8	0.981356547956692
694	0.981008084580622
694.2	0.980634452011848
694.4	0.980244065473056
694.6	0.979845463332178
694.8	0.979447135976484
695	0.979057361976121
695.2	0.978684055022776
695.4	0.978334624495109
695.6	0.978015851826904
695.8	0.977733784173426
696	0.97749364622078
696.2	0.977299770388172
696.4	0.977155545155776
696.6	0.977063380824387
696.8	0.977024691684306
697	0.977039893334447
697.2	0.977108413778085
697.4	0.977228716888901
697.6	0.977398336849856
697.8	0.977613922276056
698	0.977871288885254
698.2	0.978165479763295
698.4	0.978490832471841
698.6	0.978841052444994
698.8	0.979209292303443
699	0.97958823686332
699.2	0.979970193718939
699.4	0.980347189321905
699.6	0.980711070454872
699.8	0.981053610903332
700	0.981366622960931
700.2	0.981642073184016
700.4	0.981872201519568
700.6	0.982049642472535
700.8	0.982167546847241
701	0.982219702119947
701.2	0.98220064917585
701.4	0.982105792890062
701.6	0.981931503845718
701.8	0.98167520840109
702	0.981335464357756
702.2	0.980912019654499
702.4	0.980405851817745
702.6	0.979819186332499
702.8	0.979155492640242
703	0.978419457098643
703.2	0.97761693292029
703.4	0.976754867809067
703.6	0.975841210696441
703.8	0.974884799609808
704	0.973895233250349
704.2	0.972882729291879
704.4	0.97185797271891
704.6	0.970831957690095
704.8	0.969815826444775
705	0.968820708670971
705.2	0.967857564538507
705.4	0.966937034290856
705.6	0.966069296906106
705.8	0.965263939906843
706	0.964529841943623
706.2	0.963875069320514
706.4	0.963306787193
706.6	0.962831185764361
706.8	0.962453421444938
707	0.962177572640899
707.2	0.962006609599165
707.4	0.961942377526244
707.6	0.961985592087864
707.8	0.962135846318751
708	0.962391627946588
708.2	0.962750346152289
708.4	0.96320836684324
708.6	0.963761055599645
708.8	0.964402827559344
709	0.965127203626184
709.2	0.965926872513213
709.4	0.966793758258758
709.6	0.967719092971383
709.8	0.968693494663706
710	0.969707050116634
710.2	0.97074940281641
710.4	0.971809846025835
710.6	0.972877420593387
710.8	0.973941017809817
711	0.974989487076301
711.2	0.976011747990005
711.4	0.976996906300093
711.6	0.977934372948954
711.8	0.978813985148009
712	0.979626128155416
712.2	0.980361856141543
712.4	0.981013010262716
712.6	0.981572331834396
712.8	0.982033568319613
713	0.982391569744969
713.2	0.982642373139667
713.4	0.982783272673871
713.6	0.982812873355964
713.8	0.982731126434715
714	0.982539345033652
714.2	0.982240199008368
714.4	0.981837688543608
714.6	0.981337096571856
714.8	0.980744920672284
715	0.980068785670474
715.2	0.979317338678164
715.4	0.978500128764363
715.6	0.977627473815338
715.8	0.976710317406031
716	0.975760078662586
716.2	0.974788498143371
716.4	0.97380748270834
716.6	0.972828952195094
716.8	0.971864690487645
717	0.970926203256935
717.2	0.970024584339889
717.4	0.969170392384931
717.6	0.968373538912226
717.8	0.967643188659955
718	0.966987672732071
718.2	0.96641441475044
718.4	0.965929869946581
718.6	0.965539476905373
718.8	0.965247621496583
719	0.965057612400658
719.2	0.96497166754915
719.4	0.964990910754454
719.6	0.965115377793568
719.8	0.965344031229997
720	0.965674783302169
720.2	0.966104526163343
720.4	0.96662916883284
720.6	0.967243681246275
720.8	0.967942144195282
721	0.968717804972065
721.2	0.969563138607247
721.4	0.970469914544215
721.6	0.971429268637747
721.8	0.972431780388852
722	0.973467555330146
722.2	0.974526312451903
722.4	0.975597476509247
722.6	0.976670274972385
722.8	0.97773383927597
723	0.978777309892334
723.2	0.97978994459814
723.4	0.980761229131731
723.6	0.981680989253309
723.8	0.982539503031451
724	0.983327611996084
724.2	0.984036829630071
724.4	0.984659445530294
724.6	0.985188623465329
724.8	0.985618491500152
725	0.985944222358153
725.2	0.986162102253138
725.4	0.986269586552047
725.6	0.986265340823857
725.8	0.986149266087391
726	0.985922507383385
726.2	0.985587445153801
726.4	0.985147669300144
726.6	0.984607936196647
726.8	0.983974109337104
727	0.983253084678266
727.2	0.982452702092291
727.4	0.981581644640316
727.6	0.980649327607235
727.8	0.979665779459709
728	0.978641516944903
728.2	0.977587416566442
728.4	0.976514584661323
728.6	0.975434228189014
728.8	0.974357528185881
729	0.973295517637906
729.2	0.972258965292665
729.4	0.971258266680809
729.6	0.970303343358465
729.8	0.96940355112647
730	0.968567597738731
730.2	0.967803470562598
730.4	0.967118374454695
730.6	0.966518678375489
730.8	0.966009871923343
731	0.965596531286068
731.2	0.965282294033062
731.4	0.965069842298427
731.6	0.964960893884011
731.8	0.96495620081236
732	0.965055554879541
732.2	0.965257799792443
732.4	0.965560849520872
732.6	0.965961712547118
732.8	0.966456521751318
733	0.967040569725799
733.2	0.967708349362634
733.4	0.968453599602981
733.6	0.969269356270644
733.8	0.97014800793474
734	0.971081356753663
734.2	0.972060684244205
734.4	0.973076821893764
734.6	0.974120226489227
734.8	0.975181059974004
735	0.976249273563699
735.2	0.97731469575429
735.4	0.978367123744771
735.6	0.979396417672755
735.8	0.980392596930634
736	0.981345937695358
736.2	0.982247070672909
736.4	0.983087077934977
736.6	0.983857587616391
736.8	0.984550865154374
737	0.985159899690629
737.2	0.985678484230925
737.4	0.986101288168187
737.6	0.986423920827831
737.8	0.986642984790231
738	0.986756117883745
738.2	0.986762022920863
738.4	0.986660484478565
738.6	0.98645237227504
738.8	0.986139630876799
739	0.985725255825222
739.2	0.985213256559052
739.4	0.984608606765458
739.6	0.983917183046949
739.8	0.983145693018323
740	0.982301594140573
740.2	0.981393004525621
740.4	0.980428607053694
740.6	0.979417550213446
740.8	0.978369345507887
741	0.977293763254399
741.2	0.976200728534233
741.4	0.975100218716943
741.6	0.974002163851246
741.8	0.97291635105909
742	0.971852333901609
742.2	0.970819347511138
742.4	0.969826230109274
742.6	0.96888135136259
742.8	0.96799254787052
743	0.967167065937395
743.2	0.966411511655646
743.4	0.965731808221664
743.6	0.965133160320475
743.8	0.964620025349906
744	0.96419609120908
744.2	0.963864260347967
744.4	0.963626639762763
744.6	0.963484536624025
744.8	0.963438459238254
745	0.963488123066453
745.2	0.963632461552844
745.4	0.963869641550863
745.6	0.964197083169016
745.8	0.964611483894933
746	0.96510884688842
746.2	0.965684513363038
746.4	0.966333198998081
746.6	0.967049034337542
746.8	0.96782560913839
747	0.968656020626519
747.2	0.96953292560351
747.4	0.97044859632158
747.6	0.971394980006254
747.8	0.972363761857942
748	0.973346431304591
748.2	0.974334351208848
748.4	0.975318829657453
748.6	0.976291193877954
748.8	0.97724286574266
749	0.978165438233705
749.2	0.979050752159463
749.4	0.979890972351651
749.6	0.980678662546977
749.8	0.981406857777659
750	0.982069133546322
750.2	0.982659671118356
750.4	0.983173318180695
750.6	0.983605641811956
750.8	0.983952975008247
751	0.984212455703252
751.2	0.984382057323288
751.4	0.984460610308574
751.6	0.984447814176275
751.8	0.984344239861031
752	0.984151322238327
752.2	0.983871342911587
752.4	0.983507403518498
752.6	0.983063389980823
752.8	0.982543928279129
753	0.981954332475129
753.2	0.981300545824648
753.4	0.980589075921535
753.6	0.979826924883881
753.8	0.97902151563838
754	0.978180615376123
754.2	0.977312257244744
754.4	0.976424661309669
754.6	0.975526155763922
754.8	0.974625099294653
755	0.973729805429431
755.2	0.972848469589812
755.4	0.971989099477874
755.6	0.971159449317332
755.8	0.970366958367213
756	0.969618694026923
756.2	0.968921299758676
756.4	0.968280947968904
756.6	0.967703297916457
756.8	0.96719345865205
757	0.966755956942378
757.2	0.966394710092116
757.4	0.96611300354882
757.6	0.965913473157241
757.8	0.965798091921459
758	0.965768161132883
758.2	0.965824305728767
758.4	0.965966473758665
758.6	0.966193939852203
758.8	0.966505312600526
759	0.966898545783542
759.2	0.96737095339411
759.4	0.967919228427663
759.6	0.968539465419542
759.8	0.96922718672169
760	0.969977372513953
760.2	0.970784494301952
760.4	0.971642551641318
760.6	0.972545113978603
760.8	0.97348536562461
761	0.974456153953888
761.2	0.975450040994496
761.4	0.97645935832941
761.6	0.977476264882442
761.8	0.978492807338331
762	0.979500982834747
762.2	0.980492803488261
762.4	0.981460362249416
762.6	0.982395899516733
762.8	0.983291869879641
763	0.984141008306925
763.2	0.984936395054103
763.4	0.985671518531607
763.6	0.986340335358242
763.8	0.986937326822937
764	0.987457550992909
764.2	0.987896689740054
764.4	0.988251090008097
764.6	0.988517798711945
764.8	0.988694590745237
765	0.988779989671373
765.2	0.988773280784424
765.4	0.988674516346472
765.6	0.98848451293379
765.8	0.988204840952555
766	0.987837806511146
766.2	0.987386425957693
766.4	0.986854393504813
766.6	0.986246042464577
766.8	0.985566300704842
767	0.984820641009026
767.2	0.98401502707609
767.4	0.983155855932978
767.6	0.982249897550372
767.8	0.981304232452518
768	0.98032618809649
768.2	0.979323274765299
768.4	0.978303121676242
768.6	0.977273413951642
768.8	0.976241831037664
769	0.975215987088877
769.2	0.974203373765777
769.4	0.97321130582051
769.6	0.97224686977552
769.8	0.971316875931962
770	0.97042781388154
770.2	0.969585811596579
770.4	0.968796598122133
770.6	0.968065470221769
770.8	0.967397262630852
771	0.96679632191496
771.2	0.966266483909946
771.4	0.965811054663944
771.6	0.965432794794152
771.8	0.965133907169135
772	0.964916027830294
772.2	0.964780220073622
772.4	0.964726971622783
772.6	0.964756194837666
772.8	0.964867229919317
773	0.96505885108756
773.2	0.965329275695334
773.4	0.965676176293353
773.6	0.966096695652801
773.8	0.966587464758225
774	0.967144623787161
774.2	0.967763846090893
774.4	0.968440365183726
774.6	0.969169004735415
774.8	0.969944211543307
775	0.970760091436539
775.2	0.971610448035277
775.4	0.972488824252753
775.6	0.973388546388454
775.8	0.97430277061676
776	0.975224531628968
776.2	0.976146793137411
776.4	0.977062499901324
776.6	0.977964630885645
776.8	0.978846253117548
777	0.979700575763834
777.2	0.980521003915757
777.4	0.981301191538931
777.6	0.982035093025451
777.8	0.982717012775253
778	0.983341652233954
778.2	0.983904153826964
778.4	0.984400141253527
778.6	0.984825755640655
778.8	0.985177687104177
779	0.985453201322218
779.2	0.985650160793691
779.4	0.985767040529282
779.6	0.985802938003227
779.8	0.985757577278549
780	0.98563130730446
780.2	0.985425094843678
780.4	0.985140512568879
780.6	0.984779719580154
780.8	0.984345437650092
781	0.98384092319816
781.2	0.983269935048594
781.4	0.982636698441602
781.6	0.981945865798696
781.8	0.981202474762277
782	0.98041190403847
782.2	0.979579827570287
782.4	0.978712167557103
782.6	0.977815046816516
782.8	0.976894740957613
783	0.975957630801637
783.2	0.975010155448348
783.4	0.97405876634557
783.6	0.973109882676746
783.8	0.972169848337699
784	0.971244890731413
784.2	0.970341081567763
784.4	0.969464299816555
784.6	0.968620196926236
784.8	0.967814164387978
785	0.967051303695159
785.2	0.966336398722558
785.4	0.965673890549824
785.6	0.965067854705732
785.8	0.96452198081449
786	0.964039554619325
786.2	0.963623442352433
786.4	0.963276077419722
786.6	0.962999449370969
786.8	0.962795095130623
787	0.962664092470961
787.2	0.962607055717158
787.4	0.962624133682231
787.6	0.962715009839124
787.8	0.962878904745298
788	0.963114580743269
788.2	0.963420348966673
788.4	0.963794078685926
788.6	0.964233209029479
788.8	0.96473476311595
789	0.965295364628168
789.2	0.965911256852634
789.4	0.966578324196378
789.6	0.967292116177846
789.8	0.968047873868839
790	0.968840558741475
790.2	0.969664883566457
790.4	0.970515344976972
790.6	0.971386259803837
790.8	0.972271802771677
791	0.973166045624794
791.2	0.974062997715929
791.4	0.974956647774245
791.6	0.975841006533185
791.8	0.976710149866437
792	0.977558262051227
792.2	0.978379678754132
792.4	0.979168929316915
792.6	0.979920777908624
792.8	0.980630263107054
793	0.981292735477526
793.2	0.981903892730258
793.4	0.982459812059781
793.6	0.982956979300048
793.8	0.9833923145672
794	0.983763194107174
794.2	0.984067468116583
794.4	0.984303474361533
794.6	0.984470047478355
794.8	0.984566523901801
795	0.984592742427847
795.2	0.984549040478843
795.4	0.984436246196304
795.6	0.984255666540571
795.8	0.984009071624847
796	0.983698675553071
796.2	0.983327114066538
796.4	0.982897419331578
796.6	0.982412992220472
796.8	0.981877572450129
797	0.981295206947722
797.2	0.980670216810084
797.4	0.980007163215352
797.6	0.979310812629646
797.8	0.978586101629765
798	0.977838101660802
798.2	0.977071983994175
798.4	0.976292985133276
798.6	0.975506372890079
798.8	0.974717413324659
799	0.973931338711308
799.2	0.973153316667562
799.4	0.972388420556997
799.6	0.97164160125309
799.8	0.970917660330297
800	0.97022122473001
800.2	0.969556722936525
800.4	0.968928362685213
800.6	0.968340110184319
800.8	0.967795670878401
801	0.967298471745553
801.2	0.966851645118195
801.4	0.966458014019733
801.6	0.966120079010703
801.8	0.965840006541023
802	0.965619618809177
802.2	0.96546038513453
802.4	0.965363414855157
802.6	0.965329451770058
802.8	0.965358870151599
803	0.965451672360281
803.2	0.965607488100436
803.4	0.965825575360433
803.6	0.966104823085374
803.8	0.966443755632857
804	0.966840539063461
804.2	0.967292989316594
804.4	0.967798582319161
804.6	0.968354466068399
804.8	0.968957474722247
805	0.969604144718976
805.2	0.970290732933853
805.4	0.971013236863499
805.6	0.971767416809027
805.8	0.972548820006335
806	0.97335280662752
806.2	0.974174577550513
806.4	0.975009203765906
806.6	0.975851657260684
806.8	0.976696843189413
807	0.97753963311417
807.2	0.97837489906676
807.4	0.979197548161235
807.6	0.980002557461315
807.8	0.98078500878862
808	0.981540123142266
808.2	0.982263294390952
808.4	0.982950121894449
808.6	0.983596441713355
808.8	0.984198356074606
809	0.984752260774844
809.2	0.985254870225146
809.4	0.985703239867758
809.6	0.986094785728456
809.8	0.986427300905604
810	0.986698968839028
810.2	0.986908373276477
810.4	0.9870545049027
810.6	0.987136764368694
810.8	0.987154961995892
811	0.987109314207984
811.2	0.98700043675756
811.4	0.986829334907402
811.6	0.986597390762821
811.8	0.986306347976668
812	0.985958294072905
812.2	0.985555640653316
812.4	0.985101101764331
812.6	0.984597670707819
812.8	0.984048595580605
813	0.98345735382348
813.2	0.982827626051435
813.4	0.982163269423981
813.6	0.981468290797945
813.8	0.980746819886054
814	0.980003082623651
814.2	0.979241374923353
814.4	0.978466036974795
814.6	0.977681428223595
814.8	0.976891903141421
815	0.976101787877965
815.2	0.975315357865691
815.4	0.974536816430314
815.6	0.973770274444079
815.8	0.973019731044773
816	0.972289055431867
816.2	0.971581969741693
816.4	0.970902032996143
816.6	0.970252626114077
816.8	0.969636937971398
817	0.969057952494025
817.2	0.968518436768018
817.4	0.968020930152633
817.6	0.967567734384547
817.8	0.967160904665054
818	0.966802241726586
818.2	0.966493284879588
818.4	0.966235306046305
818.6	0.966029304793386
818.8	0.965876004380713
819	0.965775848849083
819.2	0.96572900117434
819.4	0.965735342519656
819.6	0.965794472621355
819.8	0.965905711346285
820	0.96606810146024
820.2	0.966280412584585
820.4	0.966541146316961
820.6	0.966848543055312
820.8	0.967200590055235
821	0.967595030810073
821.2	0.968029375835957
821.4	0.968500914872101
821.6	0.969006730495667
821.8	0.969543713138075
822	0.970108577475697
822.2	0.970697880152226
822.4	0.971308038773472
822.6	0.971935352097671
822.8	0.972576021326071
823	0.973226172380028
823.2	0.973881879032321
823.4	0.974539186742157
823.6	0.975194137026689
823.8	0.975842792185683
824	0.976481260183156
824.2	0.977105719500105
824.4	0.97771244369723
824.6	0.978297825447201
824.8	0.978858399879136
825	0.97939086698472
825.2	0.979892112865015
825.4	0.980359229608675
825.6	0.980789533604959
825.8	0.981180582111505
826	0.981530187916539
826.2	0.981836431958409
826.4	0.982097673790234
826.6	0.982312559805513
826.8	0.982480029168922
827	0.982599317426511
827.2	0.982669957799073
827.4	0.982691780191804
827.6	0.982664907981546
827.8	0.982589752668856
828	0.982467006506572
828.2	0.982297633237466
828.4	0.982082857091697
828.6	0.981824150209676
828.8	0.981523218666989
829	0.981181987285531
829.2	0.980802583419122
829.4	0.98038731990234
829.6	0.979938677348765
829.8	0.97945928597911
830	0.97895190715175
830.2	0.97841941505382
830.4	0.977864778997557
830.6	0.977291044090987
830.8	0.976701312776032
831	0.976098727044223
831.2	0.975486451126437
831.4	0.974867654734493
831.6	0.974245496918385
831.8	0.973623110589601
832	0.973003587748363
832.2	0.972389965441694
832.4	0.971785212469223
832.6	0.971192216844822
832.8	0.970613774015433
833	0.970052575832268
833.2	0.969511200265321
833.4	0.968992101848758
833.6	0.968497602843018
833.8	0.968029885098192
834	0.967590982603565
834.2	0.967182774708843
834.4	0.966806980004383
834.6	0.966465150849529
834.8	0.966158668541062
835	0.965888739116413
835.2	0.965656389789323
835.4	0.965462466018849
835.6	0.965307629215455
835.8	0.965192355091067
836	0.965116932662305
836.2	0.96508146391851
836.4	0.96508586416813
836.6	0.965129863078129
836.8	0.965213006422044
837	0.965334658552457
837.2	0.965494005612971
837.4	0.965690059503786
837.6	0.965921662612882
837.8	0.966187493322061
838	0.966486072292206
838.2	0.966815769520338
838.4	0.967174812190108
838.6	0.967561293296013
838.8	0.967973181019106
839	0.968408328836282
839.2	0.96886448633397
839.4	0.969339310689624
839.6	0.969830378776067
839.8	0.97033519983624
840	0.970851228667304
840.2	0.971375878782439
840.4	0.971906535008672
840.6	0.972440569144364
840.8	0.972975354884742
841	0.973508282380876
841.2	0.974036772795093
841.4	0.974558292748833
841.6	0.975070368556986
841.8	0.975570600141376
842	0.976056674516364
842.2	0.976526378741346
842.4	0.976977612237929
842.6	0.977408398374236
842.8	0.977816895224756
843	0.978201405421395
843.2	0.978560385019906
843.4	0.978892451315446
843.6	0.979196389551334
843.8	0.979471158476512
844	0.979715894718488
844.2	0.979929915950987
844.4	0.980112722847243
844.6	0.98026399982195
844.8	0.980383614576573
845	0.980471616473641
845.2	0.980528233776092
845.4	0.980553869797358
845.6	0.980549098016134
845.8	0.980514656217495
846	0.980451439728027
846.2	0.980360493817919
846.4	0.980243005346608
846.6	0.980100293731378
846.8	0.979933801319667
847	0.979745083246381
847.2	0.97953579685675
847.4	0.979307690774038
847.6	0.979062593688822
847.8	0.978802402944002
848	0.978529072985962
848.2	0.978244603748745
848.4	0.977951029033699
848.6	0.977650404943165
848.8	0.977344798422141
849	0.977036275957855
849.2	0.976726892482978
849.4	0.976418680524314
849.6	0.976113639635336
849.8	0.975813726147496
850	0.975520843272286
850.2	0.975236831941552
850.4	0.974963462770138
850.6	0.9747024263041
850.8	0.974455324442874
851	0.974223662699085
851.2	0.974008842959843
851.4	0.973812156770649
851.6	0.973634779162439
851.8	0.973477763042092
852	0.973342034166284
852.2	0.973228386718449
852.4	0.973137479508205
852.6	0.973069832812421
852.8	0.973025825876626
853	0.973005695093605
853.2	0.973009532876086
853.4	0.973037287238929
853.6	0.973088762104643
853.8	0.973163618343659
854	0.973261375558558
854.2	0.973381414618349
854.4	0.973522980945593
854.6	0.973685188555244
854.8	0.973867024839851
855	0.974067356090824
855.2	0.974284933740543
855.4	0.974518401304264
855.6	0.974766301995174
855.8	0.975027086979653
856	0.975299124233584
856.2	0.97558070795415
856.4	0.975870068475287
856.6	0.976165382628703
856.8	0.976464784486364
857	0.976766376414821
857.2	0.97706824036677
857.4	0.977368449330413
857.6	0.977665078854025
857.8	0.977956218559646
858	0.978239983558504
858.2	0.97851452567945
858.4	0.97877804442219
858.6	0.979028797548616
858.8	0.979265111227802
859	0.979485389654506
859.2	0.979688124065597
859.4	0.979871901085289
859.6	0.980035410336956
859.8	0.980177451267344
860	0.980296939138258
860.2	0.980392910076986
860.4	0.980464525087154
860.6	0.980511073586887
860.8	0.980531975887218
861	0.980526784688789
861.2	0.980495185685028
861.4	0.980436997296823
861.6	0.980352169572688
861.8	0.980240782296397
862	0.980103042351496
862.2	0.979939280398033
862.4	0.979749946921908
862.6	0.979535607721207
862.8	0.979296938896034
863	0.979034721410274
863.2	0.978749835293145
863.4	0.978443253548
863.6	0.978116035833309
863.8	0.977769321977731
864	0.977404325387491
864.2	0.977022326399125
864.4	0.976624665625949
864.6	0.976212737340398
864.8	0.975787982928808
865	0.975351884448779
865.2	0.974905958313379
865.4	0.9744517491203
865.6	0.973990823638492
865.8	0.973524764959335
866	0.973055166814708
866.2	0.972583628059817
866.4	0.972111747315034
866.6	0.97164111775794
866.8	0.971173322054351
867	0.970709927415447
867.2	0.970252480767121
867.4	0.969802504014682
867.6	0.969361489393552
867.8	0.968930894896488
868	0.968512139757048
868.2	0.968106599983218
868.4	0.967715603934492
868.6	0.967340427938228
868.8	0.966982291944132
869	0.966642355219027
869.2	0.966321712087686
869.4	0.966021387728675
869.6	0.965742334038209
869.8	0.965485425578102
870	0.965251455627534
870.2	0.965041132353333
870.4	0.964855075116494
870.6	0.964693811008537
870.8	0.964557771583637
871	0.964447289827454
871.2	0.964362597405524
871.4	0.964303822226837
871.6	0.964270986358996
871.8	0.964264004331651
872	0.964282681864339
872.2	0.964326715054241
872.4	0.964395690057845
872.6	0.964489083298385
872.8	0.964606262228665
873	0.964746486675496
873.2	0.964908910788474
873.4	0.965092585611474
873.6	0.965296462290634
873.8	0.965519395927227
874	0.965760150078242
874.2	0.966017401901309
874.4	0.966289747934187
874.6	0.966575710492215
874.8	0.966873744660338
875	0.967182245848939
875.2	0.967499557875904
875.4	0.967823981530027
875.6	0.968153783564091
875.8	0.968487206059452
876	0.968822476097557
876.2	0.969157815668366
876.4	0.969491451740609
876.6	0.969821626414427
876.8	0.970146607073792
877	0.970464696453496
877.2	0.97077424253426
877.4	0.971073648179211
877.6	0.971361380425942
877.8	0.971635979350415
878	0.971896066422461
878.2	0.97214035227685
878.4	0.972367643829883
878.6	0.972576850677908
878.8	0.972766990722002
879	0.972937194971621
879.2	0.973086711489176
879.4	0.973214908447652
879.6	0.973321276283272
879.8	0.973405428936159
880	0.973467104182163
880.2	0.973506162938028
880.4	0.973522587432238
880.6	0.973516479327725
880.8	0.973488056786217
881	0.973437650656564
881.2	0.973365699976155
881.4	0.973272746849855
881.6	0.973159430775428
881.8	0.973026482488622
882	0.972874717403714
882.2	0.972705028726845
882.4	0.972518380319752
882.6	0.972315799390612
882.8	0.972098369088731
883	0.971867221073875
883.2	0.971623528121528
883.4	0.971368496835865
883.6	0.971103360526514
883.8	0.970829372300708
884	0.970547798416694
884.2	0.970259911937741
884.4	0.969966986719158
884.6	0.969670291754217
884.8	0.969371085897901
885	0.969070612981206
885.2	0.968770097322082
885.4	0.968470739633766
885.6	0.968173713325379
885.8	0.967880161184988
886	0.967591192431035
886.2	0.967307880114044
886.4	0.967031258847563
886.6	0.966762322844626
886.8	0.966502024234127
887	0.96625127163019
887.2	0.966010928926848
887.4	0.965781814290184
887.6	0.965564699320439
887.8	0.9653603083574
888	0.965169317903695
888.2	0.96499235614228
888.4	0.964830002526385
888.6	0.96468278742256
888.8	0.964551191789896
889	0.964435646881358
889.2	0.964336533955951
889.4	0.964254183993296
889.6	0.964188877405352
889.8	0.96414084374278
890	0.964110261396483
890.2	0.964097257453071
890.4	0.964101907865966
890.6	0.964124236704948
890.8	0.964164215740193
891	0.964221764217381
891.2	0.964296748682602
891.4	0.964388982872484
891.6	0.964498227686421
891.8	0.96462419125822
892	0.964766529145441
892.2	0.964924844654139
892.4	0.965098689317164
892.6	0.965287563543143
892.8	0.965490917452678
893	0.965708151916792
893.2	0.965938619811495
893.4	0.966181627500166
893.6	0.966436436553639
893.8	0.966702265715448
894	0.966978293117085
894.2	0.967263658745552
894.4	0.967557467162527
894.6	0.96785879047132
894.8	0.9681666715251
895	0.968480127366299
895.2	0.96879815288441
895.4	0.969119724676031
895.6	0.969443805088211
895.8	0.969769346423318
896	0.970095295280919
896.2	0.970420597009854
896.4	0.970744200241387
896.6	0.971065061472625
896.8	0.971382149667706
897	0.971694450843169
897.2	0.972000972603212
897.4	0.972300748589934
897.6	0.972592842814031
897.8	0.972876353831559
898	0.973150418733524
898.2	0.973414216916222
898.4	0.973666973602038
898.6	0.97390796308248
898.8	0.974136511658118
899	0.974352000251807
899.2	0.974553866674395
899.4	0.974741607528276
899.6	0.974914779735042
899.8	0.975073001677614
900	0.975215953951251